120 15 516 180 1946
0 0
0 8
0 16
0 34
0 38
1 1
1 5
1 8
1 17
1 22
1 32
1 34
2 2
2 17
2 30
2 32
2 40
3 12
3 24
3 40
4 0
4 9
4 10
4 13
4 18
4 21
4 36
4 40
5 11
5 21
5 30
6 14
6 30
6 32
6 35
6 36
7 10
7 14
7 20
7 40
8 10
8 14
8 18
8 20
9 1
9 12
9 15
9 23
9 29
9 38
9 41
10 1
10 10
10 12
10 20
10 27
10 28
10 29
10 30
10 35
11 0
11 1
11 12
11 16
11 23
11 26
11 39
12 15
12 21
12 27
12 32
12 38
12 39
13 9
13 14
13 15
14 23
14 25
14 27
14 28
14 34
14 37
15 2
15 5
15 24
15 32
15 33
15 34
16 4
16 18
16 33
16 34
17 13
17 32
17 35
17 37
17 38
17 40
18 18
18 22
18 30
18 33
18 38
20 1
20 17
20 26
20 30
21 16
21 29
21 41
22 8
22 10
22 11
22 24
23 22
23 37
23 40
24 1
24 8
24 16
24 19
24 26
24 37
25 32
25 33
25 38
25 39
25 40
26 17
26 21
26 26
27 3
27 10
27 11
27 16
28 3
28 9
28 22
29 23
29 27
29 29
29 38
30 4
30 5
30 6
30 7
30 8
30 19
30 26
30 38
31 2
31 3
31 5
31 12
31 20
31 21
31 38
32 4
32 34
33 6
33 12
33 13
33 23
33 25
33 29
33 32
33 33
34 2
34 9
34 14
34 17
35 12
35 17
35 23
36 6
36 9
36 22
36 24
36 32
36 36
37 0
37 3
37 8
37 9
37 17
37 19
37 25
39 1
39 2
39 4
39 19
39 26
39 36
39 41
40 14
40 29
40 37
41 0
41 4
41 12
41 32
41 33
42 20
42 23
42 26
42 29
42 33
42 38
43 0
43 3
43 5
43 28
43 29
43 34
44 33
44 36
44 37
44 38
44 41
45 17
45 21
45 25
45 26
45 30
46 20
46 26
46 32
47 21
47 27
47 32
47 39
47 41
48 24
48 28
48 29
48 38
48 39
49 8
49 13
49 17
49 35
49 41
50 19
50 36
51 23
51 26
51 29
51 33
52 3
52 10
52 16
52 21
52 26
52 31
52 38
53 6
53 9
53 10
53 23
54 17
54 22
54 25
54 30
54 35
55 22
55 23
55 27
55 32
55 33
56 16
56 18
56 40
57 14
57 16
57 25
58 8
58 28
59 5
59 21
59 28
62 32
62 41
63 17
63 20
63 24
64 1
64 15
64 20
64 24
64 28
64 32
64 38
64 40
65 3
65 16
65 21
65 22
65 29
65 33
66 4
66 5
66 6
66 21
66 35
67 8
67 10
67 19
67 33
67 34
68 24
68 34
69 32
69 39
70 2
70 7
70 24
70 28
70 30
70 39
71 7
71 14
71 19
71 24
72 3
72 8
72 27
72 28
72 33
72 40
73 20
73 21
73 22
73 25
73 39
73 41
76 11
76 14
76 16
76 23
77 37
77 38
78 26
78 34
79 2
79 29
80 4
80 21
80 22
80 30
80 31
80 35
80 39
81 8
81 17
81 27
82 9
82 12
82 17
82 22
82 23
83 16
83 18
83 32
83 36
83 39
84 1
84 3
84 11
84 19
84 22
84 26
84 27
84 40
85 10
85 18
85 21
85 23
86 2
86 18
86 31
86 37
86 40
87 1
87 25
87 33
87 36
87 40
88 10
88 18
88 21
88 38
89 5
89 6
89 19
89 31
89 33
89 39
90 32
91 9
91 26
91 31
91 33
92 1
92 8
92 16
93 2
93 7
93 10
93 22
93 29
93 34
93 35
94 28
94 35
94 36
95 0
95 3
95 7
95 18
95 41
96 2
96 10
96 39
96 40
97 30
98 16
98 19
98 31
99 5
99 9
99 37
100 10
100 17
100 26
100 40
100 41
101 2
101 7
101 15
101 39
102 7
102 19
102 21
102 27
102 28
102 29
102 30
102 35
102 37
103 27
104 6
104 14
104 16
104 19
104 20
104 26
104 38
106 21
106 29
106 36
107 28
107 35
108 11
108 12
108 14
108 16
108 17
108 26
108 40
109 39
109 41
110 19
110 28
110 29
110 31
111 1
111 2
111 7
111 13
111 14
111 28
111 29
111 31
111 34
112 19
112 30
112 32
112 34
112 39
113 5
114 7
114 18
114 20
114 33
115 15
115 24
115 37
115 41
116 29
116 33
117 10
117 16
117 17
117 26
117 32
118 5
118 12
118 18
118 23
118 30
119 21
119 22
119 29
119 30
119 33
119 40
2 10
2 12
3 24
1 11
3 60
4 28
5 65
4 76
4 60
2 16
2 18
3 45
5 90
5 95
2 18
2 24
5 55
3 45
4 60
5 90
3 51
3 30
4 64
4 32
5 55
4 64
5 55
4 56
5 95
3 60
4 76
3 30
4 52
2 22
1 18
3 48
1 15
5 80
2 30
1 7
3 27
1 11
1 11
1 12
2 16
5 80
5 30
2 32
1 18
4 60
5 50
2 32
5 80
3 42
3 36
5 65
2 32
5 60
1 18
5 90
3 39
2 28
1 5
3 18
5 70
3 42
1 19
2 30
4 56
4 32
5 95
5 60
2 14
5 90
2 18
2 30
2 14
2 10
5 65
3 45
3 48
2 30
4 80
3 21
4 32
3 30
1 15
4 48
5 75
1 18
5 80
1 9
3 60
5 50
5 40
1 20
3 51
1 18
4 68
2 36
3 33
3 51
4 48
3 45
5 90
5 30
4 68
3 36
5 45
3 15
2 34
5 30
4 60
5 50
2 40
2 10
3 51
5 35
4 20
3 45
5 40
4 44
3 54
5 95
4 80
4 72
4 72
5 60
5 50
5 30
4 28
4 60
3 27
3 33
3 24
4 48
5 30
5 90
3 33
4 36
3 36
1 6
4 24
2 16
1 5
3 60
4 24
1 9
5 30
2 40
5 70
4 60
4 64
1 7
5 80
2 26
5 30
5 95
2 24
4 40
1 20
2 22
1 12
3 27
5 65
1 16
2 20
5 50
3 33
4 76
5 35
5 65
4 24
3 48
3 54
4 36
1 5
2 28
2 24
3 51
1 12
4 52
1 6
2 26
4 36
1 11
1 6
4 32
5 30
3 39
5 50
5 90
4 68
3 18
3 27
3 45
2 28
3 42
3 30
5 30
4 48
4 48
1 6
3 33
5 45
5 30
4 68
5 30
4 48
4 76
4 44
3 60
2 18
3 48
1 13
3 45
2 10
4 56
5 60
1 8
4 80
2 14
4 32
5 90
4 32
2 28
3 60
3 45
2 16
3 36
1 6
4 56
4 72
5 30
4 32
4 32
2 28
4 32
2 32
3 54
5 90
5 55
5 80
3 33
5 45
4 40
3 57
5 95
2 40
1 10
3 15
1 12
3 33
4 80
4 60
5 30
3 45
5 90
3 21
3 33
2 10
4 40
1 10
3 60
4 76
2 16
3 30
2 26
4 52
3 18
5 75
4 64
3 51
3 27
4 68
4 60
3 27
5 70
4 36
3 36
4 68
3 27
3 36
4 56
4 68
5 90
1 18
1 7
2 26
4 68
5 100
2 28
3 45
3 45
5 65
5 65
5 25
5 90
5 75
4 36
4 28
4 64
3 48
2 36
2 38
2 34
3 27
2 40
3 36
2 14
2 10
5 50
5 30
1 14
4 32
2 22
2 16
1 16
4 60
4 60
4 44
4 72
4 24
4 40
3 18
4 32
4 56
2 40
3 45
5 70
2 32
4 36
3 48
2 26
3 60
1 18
3 33
3 45
2 24
1 16
1 19
3 36
4 36
3 48
2 34
3 48
5 40
5 55
4 40
4 48
3 27
2 30
3 60
4 24
4 76
2 16
1 18
4 56
4 56
3 27
4 56
4 24
5 40
4 76
1 16
2 16
5 50
4 72
4 32
1 7
2 40
3 30
5 100
4 60
5 40
4 28
3 30
4 52
5 70
2 32
4 20
2 14
5 45
5 30
3 30
4 48
5 55
2 30
2 14
3 39
5 90
2 16
4 72
5 25
2 34
5 40
1 6
2 30
5 95
5 65
2 30
5 65
1 14
4 24
1 18
4 80
3 15
1 13
5 65
4 64
1 5
2 10
4 72
4 72
1 20
4 80
2 22
5 30
4 28
1 9
2 14
4 68
5 80
5 100
2 30
3 45
2 32
4 24
5 40
2 18
3 27
4 48
5 70
5 45
4 68
2 30
4 68
3 21
5 70
1 17
3 21
2 10
5 30
2 32
2 16
2 30
5 85
2 12
1 10
4 56
4 32
3 33
4 68
4 72
3 27
3 51
5 65
3 30
3 18
5 60
1 17
3 27
2 10
5 45
2 10
2 10
1 12
2 18
3 48
5 90
1 12
5 65
4 24
4 36
1 19
5 80
3 48
5 70
1 16
2 14
5 95
1 8
4 52
4 32
3 39
2 34
3 18
3 36
1 20
3 45
1 11
5 60
3 45
3 45
3 45
5 30
4 68
4 60
4 68
4 60
5 75
2 16
3 42
3 48
2 14
5 60
3 39
2 26
4 68
3 36
5 30
1 17
1 12
2 28
5 65
1 14
3 48
3 48
1 6
5 85
3 45
3 45
2 22
4 24
2 12
1 11
5 70
4 68
2 32
4 52
2 40
5 25
2 32
4 24
1 8
5 35
5 90
2 28
5 100
5 70
4 80
5 90
4 68
1 18
1 14
1 18
2 40
1 18
5 95
1 6
3 51
3 60
3 33
5 45
3 45
1 18
1 20
5 30
5 25
2 30
3 33
3 39
1 6
4 52
1 10
4 28
2 30
2 16
2 20
5 75
2 16
5 30
5 30
2 30
1 7
3 48
2 28
3 15
5 30
1 19
5 100
1 17
3 42
4 40
5 90
3 36
2 40
4 64
5 95
3 24
3 27
4 32
3 60
1 6
3 36
1 15
5 90
1 18
3 54
3 36
2 26
3 45
5 50
4 64
4 68
3 24
3 39
2 14
1 17
3 48
4 80
1 10
1 14
2 32
1 11
1 17
3 39
1 8
5 100
3 24
1 13
3 45
5 75
4 52
2 28
1 17
4 20
1 14
2 30
2 18
3 21
4 52
4 24
3 54
3 36
3 15
5 55
4 64
2 30
5 30
4 48
3 57
2 36
2 32
4 40
3 45
3 60
4 44
1 11
4 40
2 10
3 15
1 11
3 51
4 60
4 36
1 16
1 11
5 60
2 32
2 40
1 11
2 12
5 60
1 11
3 36
3 36
1 5
3 27
5 65
4 56
5 85
5 80
1 13
3 33
4 80
5 65
2 12
1 12
4 24
4 44
4 36
4 72
1 20
4 72
3 57
5 80
4 28
5 45
3 39
1 18
3 33
5 30
3 48
5 85
4 52
1 18
5 65
2 22
2 16
2 12
1 16
5 85
1 12
4 48
5 65
3 36
5 50
3 18
1 8
4 80
3 15
5 40
1 18
1 11
2 36
3 27
1 15
2 36
3 21
4 76
2 22
1 9
4 24
3 48
2 10
4 32
1 6
1 16
3 27
3 36
3 36
1 15
1 9
1 18
5 45
3 42
4 76
3 42
5 30
3 18
3 45
5 95
5 90
5 30
3 15
2 40
3 18
4 56
4 28
4 80
4 68
2 16
2 30
4 80
5 60
2 26
5 65
3 30
3 60
2 32
2 22
2 24
4 68
4 48
3 18
2 20
3 42
5 30
1 5
4 24
3 60
4 60
2 18
2 20
1 16
2 30
3 30
2 26
5 55
2 36
2 34
4 52
2 28
3 18
5 40
1 10
3 33
1 6
4 32
5 90
2 34
2 30
1 18
5 55
4 40
3 60
4 68
3 27
3 33
2 30
3 36
3 18
5 50
5 90
5 35
4 80
5 65
4 40
4 68
4 24
2 12
3 36
3 36
3 18
1 6
5 25
4 36
2 16
4 72
5 25
2 40
2 10
5 75
4 32
4 28
4 56
5 50
1 15
2 16
1 20
5 85
5 85
5 25
4 76
4 80
2 10
1 11
5 100
2 16
4 68
1 11
1 10
1 18
4 24
1 8
1 16
5 85
2 32
5 25
3 15
4 48
2 32
3 15
3 33
1 6
4 20
5 80
3 60
5 45
5 100
4 24
2 34
3 45
1 16
3 36
3 60
5 85
5 50
5 25
4 72
5 95
3 27
3 30
2 36
4 80
4 40
4 24
4 20
5 100
1 19
5 45
2 32
5 50
2 10
5 30
2 32
2 22
3 18
4 56
1 17
2 18
1 6
1 6
5 65
5 45
4 60
5 85
1 5
2 26
4 24
5 85
1 17
4 68
3 15
5 55
1 5
4 60
4 48
4 44
4 60
2 40
3 33
3 36
5 90
1 17
3 60
3 18
2 24
4 68
5 100
4 36
3 45
4 64
5 50
4 24
2 14
2 34
5 40
5 35
1 19
3 48
1 12
3 30
1 12
5 85
3 60
2 28
3 18
3 60
3 18
4 76
4 64
3 27
4 24
4 36
3 48
2 16
3 57
4 28
4 48
1 11
1 20
2 16
3 45
1 16
3 48
4 48
3 18
5 30
2 10
5 50
1 20
3 60
4 76
4 60
4 52
4 20
1 18
2 22
4 64
4 60
1 12
3 60
2 40
1 16
3 27
5 25
4 52
1 16
4 60
5 70
2 36
1 11
3 45
4 48
3 60
3 15
2 32
1 16
1 19
2 34
4 24
3 15
2 20
2 40
3 39
5 55
4 28
3 33
1 14
3 60
1 5
5 90
2 26
4 52
4 28
4 80
3 45
3 48
2 30
2 24
4 80
5 95
5 50
5 65
5 90
1 17
1 10
2 16
3 18
1 10
1 16
4 28
1 17
3 27
4 36
1 18
3 39
4 24
1 5
2 24
2 22
3 18
4 52
3 18
3 60
3 45
5 35
1 15
1 18
5 65
1 18
4 64
1 11
3 33
2 18
3 45
1 20
2 34
1 14
2 20
5 100
1 19
2 30
1 18
3 30
5 80
1 19
1 12
3 54
5 80
5 25
3 60
4 44
2 32
5 90
4 64
3 54
5 55
3 18
4 80
1 13
4 24
3 30
5 90
1 8
4 60
5 55
2 10
4 76
3 24
4 24
5 55
5 90
2 14
1 14
1 10
3 36
4 20
5 95
1 16
5 80
1 18
5 90
2 30
3 18
3 18
5 25
3 48
1 9
5 30
2 34
2 16
5 75
1 19
4 72
3 15
2 22
1 19
5 50
3 18
1 14
3 54
1 6
3 27
5 70
5 55
1 11
5 90
2 24
3 60
1 12
4 32
1 19
2 10
5 85
4 64
4 24
5 90
5 90
1 7
3 21
1 20
3 18
5 35
2 30
5 65
1 16
1 15
5 40
4 44
4 48
5 40
2 30
3 33
3 36
5 45
1 11
4 60
2 30
4 52
4 56
2 26
5 50
4 40
5 25
1 15
1 13
2 28
5 65
1 19
5 25
2 34
2 26
3 45
4 24
5 45
4 72
5 75
5 45
5 90
4 48
4 32
4 52
1 19
1 20
4 76
5 40
3 33
1 8
3 48
1 12
3 15
1 9
3 21
1 20
2 28
2 28
3 39
1 16
5 70
1 9
5 90
2 10
5 80
5 75
3 18
1 10
1 9
5 45
2 32
5 80
3 57
4 28
4 32
2 24
4 52
1 18
3 48
4 64
5 40
5 95
4 72
2 30
5 70
5 25
4 52
5 45
1 19
3 45
4 80
2 16
4 56
4 64
5 60
1 5
1 11
4 32
3 30
1 11
3 15
5 35
1 14
5 75
5 45
3 27
5 60
2 30
4 52
2 32
5 70
5 30
4 64
4 68
3 18
5 85
2 34
4 56
4 28
4 64
5 45
4 80
3 18
5 95
2 20
4 24
5 90
5 65
2 16
1 9
3 60
1 16
4 36
4 48
3 54
3 36
1 8
1 6
1 8
1 8
2 14
4 68
5 65
5 35
3 18
5 100
5 50
1 10
1 9
2 14
2 32
1 20
3 27
5 85
3 33
3 18
4 68
1 13
5 75
2 10
2 38
1 18
1 7
4 44
5 55
5 70
4 28
1 16
1 11
4 24
3 45
3 48
5 50
3 24
3 54
1 20
1 20
2 34
4 28
1 8
1 17
1 5
5 25
5 100
2 30
4 60
2 26
1 13
3 15
5 100
5 50
5 30
2 40
5 90
5 30
3 48
3 27
4 32
4 72
1 18
2 34
3 48
2 34
2 40
2 34
3 39
2 22
4 28
1 5
2 22
5 55
1 14
4 60
3 60
2 34
5 65
4 40
2 10
5 50
4 68
4 40
5 45
4 32
3 24
2 20
4 20
4 24
1 19
2 26
4 24
3 15
2 26
1 6
2 26
5 45
3 48
2 26
5 65
1 11
1 12
3 45
2 40
4 24
3 18
1 7
5 50
1 17
2 14
5 90
1 12
1 11
2 10
5 50
3 33
5 65
5 65
1 7
2 34
2 24
3 27
1 13
4 24
1 8
2 28
1 19
5 60
5 100
3 48
2 10
1 18
5 85
4 76
4 80
3 15
4 68
3 18
1 15
5 70
2 10
2 36
4 32
2 28
5 45
2 34
2 12
3 60
5 80
3 39
2 22
2 26
3 48
2 24
1 5
5 90
1 11
4 76
5 35
3 18
4 48
4 64
1 19
4 48
2 36
1 20
3 60
5 30
5 85
3 45
5 30
4 28
5 75
2 26
1 12
5 80
5 80
2 10
4 60
2 40
5 30
3 27
5 45
4 64
4 24
1 12
1 18
3 48
4 44
1 7
2 32
4 24
4 56
1 8
1 19
1 16
2 20
4 20
5 60
2 16
2 30
5 70
5 45
3 27
4 48
1 7
2 30
3 36
1 17
5 80
5 45
1 18
1 20
5 70
4 80
3 45
2 18
1 13
1 17
2 28
1 16
4 72
3 60
4 64
1 13
1 11
5 95
5 80
5 80
4 56
4 48
1 19
1 9
4 64
3 33
3 24
4 64
2 28
5 25
5 45
4 68
1 18
3 60
3 45
3 42
4 32
5 90
3 27
3 39
2 36
5 70
4 72
3 48
3 42
3 51
3 18
5 40
4 76
1 6
2 28
3 60
3 18
1 18
4 20
2 40
4 68
4 64
4 28
2 28
1 19
4 72
3 48
4 48
2 24
4 36
3 39
4 44
1 9
2 16
2 18
4 28
5 50
4 28
4 20
2 32
2 22
2 34
4 52
2 32
3 27
1 7
2 28
4 20
1 6
2 22
5 75
2 36
5 55
4 24
3 18
3 48
4 28
5 55
2 14
4 36
2 28
4 48
4 68
3 57
3 33
5 35
2 30
3 42
5 30
4 20
1 18
1 7
5 75
1 17
3 18
2 30
2 34
4 56
5 100
2 12
5 25
3 36
1 5
3 42
3 42
5 90
3 39
2 28
4 60
3 57
3 48
3 33
1 14
5 60
3 27
5 40
5 65
1 8
1 17
2 32
1 12
3 27
4 28
3 33
5 75
5 65
2 16
5 80
5 55
5 30
5 80
4 60
3 60
1 16
3 24
3 27
3 60
4 44
3 18
3 30
3 15
3 51
2 30
2 34
4 24
1 17
3 60
1 12
2 32
1 16
3 15
4 72
2 32
4 60
5 90
5 80
4 80
1 16
2 32
1 8
3 60
3 33
5 60
2 16
4 44
1 19
2 30
2 16
3 48
5 90
2 10
1 19
1 19
4 60
2 32
5 100
4 20
4 80
5 100
5 75
1 7
5 95
4 76
3 21
2 26
3 30
1 19
2 10
1 11
3 48
5 65
1 18
2 14
1 9
2 32
1 17
5 60
5 35
5 35
5 35
1 18
3 18
2 14
5 55
5 90
3 60
2 32
2 24
1 5
5 55
3 42
3 15
1 9
3 27
2 28
4 24
2 14
4 28
1 16
1 7
4 24
3 18
4 24
5 45
3 27
5 90
5 95
1 6
1 10
1 19
1 16
3 36
2 18
4 24
5 30
1 19
4 40
4 64
2 34
3 27
1 18
3 27
4 24
4 68
1 16
4 28
4 60
4 68
3 18
4 68
4 72
1 9
5 75
2 30
1 6
1 6
4 28
5 50
2 40
4 48
5 45
4 36
2 14
1 11
1 6
3 27
5 90
4 76
2 40
4 28
2 12
1 13
1 19
5 55
3 27
3 45
4 72
3 21
1 10
5 75
1 11
4 28
4 24
4 52
3 27
4 68
1 18
5 25
1 5
4 28
3 36
5 85
5 45
4 76
4 24
5 85
3 60
5 85
2 32
2 36
2 30
2 36
3 27
1 16
5 60
4 64
4 24
2 24
2 16
1 11
1 12
5 60
3 27
2 22
5 30
4 20
4 80
3 33
1 14
2 16
5 90
5 30
3 54
3 30
3 39
5 80
1 13
3 51
1 17
3 60
5 100
2 14
5 100
2 16
2 34
5 65
3 36
2 18
2 32
5 100
3 39
3 48
2 30
3 48
5 65
1 11
3 33
3 51
5 40
2 30
2 32
4 48
1 11
1 16
1 6
4 60
1 8
5 75
3 36
2 10
1 20
5 45
2 34
3 48
2 36
1 7
4 44
2 22
5 35
1 9
1 8
3 45
2 28
5 45
2 30
5 60
1 17
1 12
4 44
3 27
1 9
3 18
3 60
4 48
3 18
5 30
2 14
5 35
3 18
1 12
1 18
5 75
2 12
4 48
4 80
3 45
3 36
1 10
5 85
2 14
2 10
2 24
5 25
3 21
5 80
5 30
4 48
2 24
2 28
3 30
5 85
1 18
5 80
1 13
4 60
2 26
2 24
3 15
2 36
5 75
3 45
1 16
2 40
4 20
3 45
5 25
1 11
1 11
3 51
4 56
4 48
5 75
5 45
3 60
4 64
5 55
5 50
1 19
4 28
3 36
5 30
4 68
4 48
2 36
2 26
2 16
4 80
3 15
4 32
4 28
5 35
5 45
