403 31 1742 341 6668
0 19
0 21
0 23
0 36
1 14
1 28
2 7
2 9
2 36
3 13
3 27
3 39
3 41
4 0
4 5
4 32
5 10
5 12
5 35
5 37
5 39
6 18
6 20
6 23
6 29
6 40
7 8
7 21
7 23
7 24
7 29
7 31
7 36
7 41
8 5
8 6
8 8
9 11
9 25
9 26
9 28
10 10
10 20
10 29
10 33
10 38
11 6
11 13
11 22
11 33
11 41
12 21
12 24
12 25
12 26
12 30
12 34
12 35
13 9
13 24
13 36
14 3
14 14
14 15
14 28
15 25
15 30
15 37
15 40
16 10
16 33
16 35
16 37
17 17
17 18
17 39
18 1
18 3
18 5
18 10
18 16
19 15
19 25
19 26
20 20
20 32
21 7
21 26
21 41
22 27
22 35
22 40
23 8
23 20
23 22
23 33
24 3
24 6
24 9
24 11
24 16
24 20
25 2
25 16
25 26
25 37
26 4
26 9
26 34
26 35
26 38
27 20
27 24
27 26
27 37
28 2
28 7
28 11
28 22
28 30
28 36
28 38
29 23
29 25
29 32
30 41
31 10
31 21
31 24
31 31
31 39
32 6
32 12
32 13
32 30
33 7
33 8
33 18
33 31
33 35
33 37
33 40
34 15
35 9
35 11
35 19
35 22
35 27
36 7
36 31
37 25
37 36
38 13
38 20
38 32
39 5
39 6
39 10
39 24
39 26
40 12
40 14
40 30
42 27
42 29
42 30
43 1
43 2
43 4
43 24
43 25
43 26
43 35
44 2
44 9
44 13
44 17
44 24
44 39
45 3
45 5
45 24
45 25
45 28
45 40
46 16
46 32
46 33
47 8
47 39
48 29
48 38
49 4
49 8
49 25
49 28
49 31
49 41
50 0
50 1
50 3
50 12
50 29
50 32
50 39
51 15
51 18
52 3
52 9
52 12
52 13
52 17
52 22
52 26
52 41
53 35
54 22
54 33
54 34
56 21
56 31
56 32
57 0
57 15
57 16
57 29
57 32
57 34
57 37
58 3
58 5
58 12
58 14
58 33
59 35
60 7
60 17
60 19
60 21
61 18
62 0
62 1
62 8
62 12
62 15
62 17
62 23
62 35
63 14
63 17
63 18
63 20
63 23
63 39
63 40
64 4
64 12
64 17
64 41
65 0
65 10
65 13
65 14
65 18
65 26
66 1
66 4
66 14
66 15
67 17
67 25
68 10
68 14
68 18
68 28
68 31
69 14
69 18
69 23
69 32
70 3
70 40
71 14
71 25
71 31
71 38
72 11
72 15
72 22
73 22
73 24
74 2
74 3
74 4
74 12
74 16
74 22
74 31
75 7
75 24
75 25
75 30
75 34
75 38
76 30
76 38
77 5
77 27
77 34
77 39
78 18
79 29
79 35
80 0
80 3
80 10
80 15
80 20
80 27
80 41
81 16
81 17
81 19
81 20
81 24
81 28
81 36
81 41
82 6
82 20
82 21
82 23
82 24
83 17
83 40
85 1
85 5
85 18
85 28
85 32
85 37
86 11
86 12
86 22
86 25
86 26
87 7
87 9
87 26
87 27
87 34
88 14
88 16
88 24
88 30
88 31
88 37
88 39
89 6
89 15
89 20
89 21
89 22
89 27
89 28
89 40
90 0
90 9
90 20
90 26
90 34
91 1
91 12
91 16
91 17
91 19
91 25
91 31
91 41
92 2
92 3
92 16
92 23
92 37
93 16
93 29
93 35
93 39
94 21
94 39
95 12
95 20
95 25
95 31
95 39
96 34
96 40
97 20
97 32
97 35
97 41
98 26
98 41
99 10
99 18
99 22
99 37
100 6
100 21
100 24
100 27
100 30
101 13
101 20
101 24
101 25
101 37
101 38
102 4
102 9
102 30
103 10
103 11
103 12
103 15
103 17
103 36
103 41
104 18
104 23
104 29
104 40
107 9
107 24
107 35
107 36
107 39
108 19
108 22
109 4
109 5
109 16
109 27
109 29
109 30
109 33
109 35
110 7
110 10
110 12
110 16
110 18
110 20
110 25
110 31
111 14
111 15
111 17
111 21
111 23
111 36
112 5
112 12
112 19
112 25
112 30
113 4
113 17
113 21
113 41
114 25
114 31
114 37
114 39
114 40
115 21
115 22
115 24
115 29
116 8
116 28
116 29
116 32
116 39
117 37
117 39
117 40
118 3
118 4
118 18
118 40
119 7
120 9
120 12
120 15
120 25
120 28
120 35
120 38
120 41
121 1
121 7
121 32
121 36
121 39
122 1
122 4
123 11
123 24
123 25
123 28
123 37
123 38
124 1
124 9
124 10
124 12
124 13
124 25
124 39
125 4
125 8
125 21
125 34
125 36
126 1
126 2
126 6
126 36
127 2
127 15
127 23
127 33
127 36
127 37
127 41
128 18
129 11
129 26
129 39
130 4
130 7
130 8
130 11
130 15
130 17
130 27
130 28
130 29
131 16
131 19
131 24
131 27
131 31
131 34
131 37
131 38
132 4
132 8
132 10
132 12
132 19
132 20
132 24
132 31
132 33
132 37
132 39
132 40
133 11
133 13
133 17
133 19
133 31
134 7
134 26
134 34
135 12
135 15
136 26
136 29
137 19
137 24
137 27
137 41
139 10
139 18
139 19
140 26
140 27
140 31
140 34
140 35
140 41
141 0
141 11
141 13
141 30
141 34
142 6
142 12
142 28
142 33
142 39
143 9
143 17
143 20
143 29
143 32
143 34
143 35
143 38
144 15
144 19
144 25
144 35
144 41
145 3
145 5
146 23
147 27
148 22
148 24
148 29
148 41
149 8
149 14
149 23
149 26
150 23
150 27
150 34
150 37
150 39
151 4
151 10
151 16
151 23
151 29
151 34
151 36
152 8
152 10
152 11
152 16
152 22
152 25
152 38
153 23
153 34
153 36
154 20
154 34
154 41
155 13
155 17
155 24
155 41
156 11
156 17
156 19
156 29
157 13
157 18
157 21
157 34
157 35
157 37
157 40
158 1
158 12
158 24
158 26
159 29
160 0
160 18
160 33
160 38
161 4
161 5
161 18
161 20
161 22
161 24
161 28
161 31
161 32
161 40
162 2
162 9
162 13
162 24
162 26
162 39
163 8
163 9
163 13
163 19
163 26
163 33
163 34
164 4
164 20
164 21
164 23
164 25
164 29
164 37
164 41
165 12
165 14
165 17
165 25
165 32
165 33
165 41
166 11
166 22
166 25
166 33
167 1
167 3
167 16
167 17
167 21
167 26
167 30
167 33
167 38
167 39
168 27
168 32
168 38
168 39
169 1
169 17
169 19
170 16
170 26
170 41
171 31
171 38
172 15
172 22
172 24
172 36
172 38
173 19
173 22
173 25
173 29
173 30
173 33
173 39
173 40
174 2
174 5
174 41
175 0
175 3
175 30
175 34
175 36
175 37
176 9
176 11
176 18
176 19
176 35
176 37
176 39
176 41
177 4
177 25
177 33
178 10
178 20
179 7
179 8
179 14
179 16
179 17
179 26
180 7
180 11
180 20
180 25
180 31
181 29
181 37
181 38
182 8
182 11
182 20
182 26
182 34
182 35
182 37
182 41
183 10
183 16
183 18
183 23
183 25
183 27
184 26
184 40
185 23
186 3
186 6
186 8
186 9
186 10
186 22
186 23
186 40
187 23
187 34
187 35
187 41
188 31
188 34
188 35
188 36
189 2
189 5
189 9
189 18
189 19
189 36
189 41
190 4
190 9
190 15
190 16
190 23
190 26
190 28
190 29
191 1
191 6
191 14
191 16
191 32
192 1
192 14
192 15
192 17
192 21
192 36
193 17
193 18
193 23
193 40
194 16
194 24
196 10
196 11
196 19
196 27
196 32
196 35
196 38
196 41
197 0
197 8
197 10
197 15
197 17
197 26
197 27
197 30
197 31
197 36
198 7
198 8
198 25
198 34
198 40
199 2
199 7
199 20
199 26
199 27
199 28
199 31
199 34
199 35
199 37
200 0
200 5
200 7
200 26
200 37
201 11
201 14
201 20
201 23
202 1
202 8
202 20
202 26
202 36
203 3
203 4
203 5
203 16
204 13
204 14
204 16
204 18
204 31
204 34
204 38
205 34
205 35
206 5
206 7
206 23
206 32
206 38
207 4
207 6
207 15
207 28
207 29
207 30
207 36
207 39
208 3
208 7
208 17
209 2
209 4
209 25
209 27
209 38
210 27
210 30
210 31
210 35
210 38
211 1
211 5
211 9
211 17
212 3
212 16
212 18
212 25
213 4
213 9
213 18
213 26
213 37
214 0
214 6
214 8
214 12
214 13
214 32
215 8
215 9
215 41
216 0
216 10
216 14
216 23
216 28
216 31
216 34
217 12
217 19
217 36
217 39
217 40
217 41
218 3
218 8
218 21
218 24
219 9
220 9
220 21
220 31
221 8
221 14
221 21
221 25
221 36
221 41
222 1
222 2
222 23
222 40
223 6
223 15
223 28
223 35
223 37
224 26
224 27
224 31
224 41
225 26
225 28
225 29
225 30
226 3
226 22
227 6
227 11
227 13
227 23
227 29
227 32
228 0
228 5
228 17
228 18
228 31
228 35
229 19
229 20
229 22
229 37
229 40
230 3
230 10
230 16
230 33
231 8
231 12
231 14
231 16
231 29
232 25
232 27
232 29
232 30
232 35
232 37
232 41
233 9
233 12
233 16
234 11
234 13
234 28
234 32
234 33
235 22
235 26
235 35
235 39
236 3
236 14
236 21
236 25
236 37
237 3
237 5
237 17
237 22
237 24
238 27
238 30
238 32
238 38
239 19
239 24
239 30
239 35
240 0
240 18
240 26
240 41
242 4
242 12
242 21
242 29
243 12
243 16
243 34
243 35
244 12
244 27
244 33
244 38
245 14
245 28
245 30
245 35
246 1
246 13
246 18
246 28
246 29
246 36
246 40
247 4
247 12
247 29
247 35
247 39
248 18
248 26
248 29
248 35
249 12
249 20
249 26
250 2
250 36
251 17
251 34
251 37
251 39
251 40
252 0
252 5
252 19
253 3
253 20
253 27
253 30
253 38
254 18
254 21
254 22
254 24
254 26
255 13
255 16
255 18
255 24
255 26
255 31
255 32
256 15
256 27
256 30
257 13
257 14
257 23
257 36
258 0
258 18
258 22
259 7
259 9
259 11
259 16
259 18
259 33
260 6
260 8
260 10
260 13
260 14
260 16
260 30
261 9
261 12
261 15
262 2
262 4
262 5
262 13
262 35
262 36
264 21
264 38
264 40
265 24
265 33
266 18
266 21
266 34
266 37
267 5
267 8
267 20
267 21
267 25
269 11
269 17
269 35
269 36
270 3
270 13
270 23
270 26
270 31
270 33
271 37
272 3
272 19
272 22
274 0
274 2
274 8
274 28
274 34
274 36
275 14
275 32
276 16
276 28
276 29
277 4
277 17
277 19
277 31
277 39
278 17
278 33
278 34
279 4
279 29
280 10
280 15
281 2
281 6
281 14
281 17
281 27
281 36
282 3
282 25
282 30
282 34
282 36
282 41
283 34
283 40
284 23
284 25
284 26
284 31
284 35
284 36
285 3
285 6
285 10
285 37
286 10
286 12
286 33
286 35
286 37
287 16
287 26
287 38
288 1
288 32
288 41
289 3
289 6
289 13
289 28
290 14
290 27
290 31
290 32
291 16
291 19
291 27
292 11
292 26
292 37
293 6
293 10
293 11
293 25
293 27
294 1
294 5
294 12
294 18
294 24
295 5
295 18
295 19
295 29
295 34
295 35
295 41
296 28
297 11
297 31
297 32
297 38
298 37
298 38
299 13
299 28
300 1
300 21
300 24
300 40
301 9
301 10
301 11
301 12
301 18
301 33
302 12
302 15
302 17
302 20
302 27
302 28
302 29
302 32
302 36
303 19
303 24
303 33
304 14
304 16
304 18
304 26
305 2
305 5
305 6
305 20
305 32
306 5
306 7
306 18
306 24
306 25
306 27
306 34
307 2
307 10
307 12
307 19
308 7
308 10
308 14
308 17
308 18
308 19
308 26
308 39
309 8
309 18
309 29
310 23
310 32
310 41
311 16
311 21
311 25
311 36
313 3
313 6
313 11
313 24
313 28
313 31
313 32
314 20
315 3
315 10
315 14
315 19
315 24
316 29
316 32
316 33
316 39
317 33
317 39
318 10
318 26
318 27
318 29
319 10
319 11
319 15
319 16
319 19
319 37
320 20
320 29
320 37
321 2
321 9
321 12
321 26
321 27
321 31
321 32
321 35
322 3
322 8
322 10
322 14
322 16
322 22
322 34
323 9
323 15
323 33
323 35
323 39
323 41
324 7
324 12
324 41
325 1
325 2
325 31
326 8
326 11
326 13
326 17
326 31
326 33
326 38
327 8
327 17
328 5
328 10
328 20
328 37
329 0
329 22
329 28
329 29
329 37
330 32
330 39
331 20
331 33
331 41
332 17
332 25
332 26
332 30
332 39
333 0
333 2
333 4
333 8
333 14
333 24
333 26
333 32
333 37
333 39
334 10
334 15
334 19
334 37
335 25
335 31
335 41
336 35
336 40
337 3
337 10
337 12
337 27
337 28
337 32
337 36
338 8
338 11
338 19
338 29
338 30
338 38
339 2
339 13
340 16
340 26
341 15
341 18
341 24
341 26
341 28
342 10
342 29
342 39
343 25
343 28
343 30
343 40
343 41
344 23
344 34
345 16
345 17
345 32
345 40
346 6
346 11
346 18
346 33
347 0
347 19
347 28
348 24
348 25
348 26
349 7
349 16
349 27
349 34
349 35
349 38
350 1
350 5
350 16
350 27
350 35
350 38
350 40
351 20
351 27
351 40
352 15
352 31
353 0
353 7
353 9
353 13
353 22
353 25
353 32
353 36
354 14
354 18
354 25
354 30
354 31
355 18
355 19
355 21
355 22
355 28
355 34
356 5
356 10
357 20
357 21
357 37
358 13
358 27
358 34
358 36
358 39
359 8
359 15
359 19
359 34
360 18
360 22
360 28
360 33
361 2
361 11
362 14
362 15
362 20
362 28
362 34
364 5
364 29
364 39
365 4
365 8
365 12
365 16
365 18
365 28
366 2
366 9
366 10
366 12
366 24
366 29
366 30
367 31
367 37
367 38
368 1
368 30
368 38
369 38
370 3
370 27
370 31
370 40
371 18
371 22
372 7
372 30
372 36
373 27
373 35
373 36
374 2
374 16
374 19
374 27
374 30
374 35
374 41
375 11
375 13
375 35
376 13
376 25
376 34
377 16
377 37
378 0
378 6
378 11
378 20
378 21
378 22
379 13
379 15
379 24
379 31
380 0
380 3
380 8
380 15
380 18
380 25
380 31
381 23
381 37
382 26
382 38
383 17
383 19
384 0
384 8
384 13
384 20
384 25
384 29
384 32
385 5
385 6
385 10
385 11
385 14
385 23
385 26
385 31
385 32
385 39
386 0
386 4
386 23
386 24
386 26
386 36
386 41
387 14
387 20
387 35
388 10
388 21
388 33
389 11
389 24
389 29
389 32
389 35
389 38
389 40
390 2
390 19
390 31
390 32
391 6
391 14
391 15
391 25
391 33
392 3
392 7
392 14
392 28
392 41
393 3
393 6
393 8
393 9
393 10
393 15
393 22
393 41
394 1
394 8
394 12
394 35
394 37
395 5
395 10
395 11
395 14
395 21
395 29
395 32
396 6
396 7
396 11
396 13
396 31
396 32
396 33
397 2
397 8
397 15
397 19
398 30
398 31
399 30
400 14
400 16
400 27
400 28
400 39
401 6
401 35
401 37
402 1
402 18
402 22
402 25
402 35
3 36
5 65
5 30
4 44
2 20
3 27
4 72
3 18
3 15
4 56
4 56
3 33
4 48
4 56
3 39
3 27
5 95
4 48
4 76
5 90
5 70
3 60
4 60
5 80
1 20
5 60
1 7
5 60
2 12
2 34
5 45
1 17
5 25
3 45
3 51
5 30
1 6
2 20
2 20
4 52
5 85
4 60
2 20
1 7
5 85
2 28
4 40
2 28
3 33
4 76
3 15
3 27
3 33
4 36
2 20
4 60
3 21
2 36
5 90
3 57
4 32
3 36
1 17
2 32
4 20
2 38
5 30
1 12
2 34
1 11
1 12
5 90
5 50
1 20
3 60
4 32
2 28
1 14
4 28
1 18
5 75
1 17
5 40
5 85
5 40
2 26
1 12
5 45
3 33
1 16
1 20
4 64
1 20
4 76
2 12
2 10
1 6
5 50
2 16
3 24
4 48
2 38
2 34
1 10
4 24
4 28
1 14
5 85
5 100
2 32
2 24
4 64
5 90
4 24
1 11
1 16
2 14
4 44
2 12
1 17
5 40
4 64
4 56
2 30
1 6
4 20
1 8
3 21
1 6
3 15
5 60
4 28
1 6
3 45
5 55
5 65
1 11
1 13
5 50
1 8
3 24
3 60
5 45
2 26
1 19
1 19
5 80
3 18
5 65
1 8
5 40
2 12
5 60
5 75
3 18
4 28
1 11
1 10
3 39
1 11
3 33
3 39
2 40
4 28
1 10
3 48
1 15
5 30
4 24
5 60
3 30
2 18
3 18
4 44
1 14
3 18
4 64
5 45
5 80
4 68
1 20
3 48
2 18
1 20
1 11
2 22
3 33
1 20
2 34
2 10
3 39
2 10
1 5
4 24
4 44
2 32
2 28
1 10
5 90
3 18
2 16
2 40
1 16
1 18
4 64
3 60
5 95
3 36
3 33
4 52
5 65
2 34
5 30
2 26
2 10
3 54
4 28
4 48
3 27
5 30
3 51
4 64
5 45
5 80
5 90
1 14
1 18
1 16
3 48
5 85
1 18
2 30
1 13
1 11
3 27
5 25
4 76
1 19
2 30
3 18
4 56
5 30
5 80
1 9
1 17
2 40
5 100
1 16
2 12
2 16
3 15
4 28
3 18
1 7
1 20
1 18
2 30
2 24
5 45
2 34
4 20
2 32
2 16
1 17
2 20
1 6
3 54
1 13
3 45
2 22
4 64
1 11
1 18
3 42
4 60
4 72
5 80
2 28
5 85
5 30
2 30
2 32
1 11
4 60
1 8
1 18
2 32
5 100
4 44
5 35
2 30
2 18
4 28
3 54
3 57
4 80
5 70
2 34
1 5
2 20
2 40
1 17
1 12
3 15
3 45
3 18
4 64
2 40
4 52
5 45
5 95
5 50
4 24
2 40
2 16
4 52
3 27
4 36
1 9
3 54
3 45
2 26
3 51
4 64
2 32
4 28
4 56
5 85
4 28
5 60
2 24
3 15
4 52
2 40
2 14
4 80
5 85
5 50
5 70
5 70
5 60
3 60
3 39
5 100
2 16
1 8
3 27
3 60
5 45
4 32
2 40
2 22
1 14
1 20
3 18
4 80
5 100
5 65
4 56
4 32
1 11
4 32
3 45
2 22
3 42
1 9
5 90
3 18
3 33
5 95
4 80
5 50
5 100
3 33
4 64
1 11
2 30
2 32
4 32
3 27
2 32
1 6
3 51
5 30
3 57
2 26
5 65
1 16
5 45
2 28
5 90
3 57
5 70
2 40
2 14
4 68
5 85
1 16
1 16
5 90
3 27
5 70
5 30
5 65
5 80
4 64
4 64
2 22
1 6
4 80
2 34
3 39
4 48
4 24
5 95
2 10
3 21
2 12
3 57
4 76
2 20
3 33
5 95
3 45
2 32
2 16
2 16
3 45
2 14
5 90
2 36
3 60
2 40
2 20
2 34
4 20
5 75
2 16
1 6
5 25
2 28
4 24
3 15
3 30
2 28
3 60
4 72
5 55
1 8
1 7
2 36
5 75
3 54
2 10
3 27
5 60
5 95
3 30
1 14
3 48
1 12
4 44
5 55
3 36
5 60
1 20
3 30
1 6
4 68
2 26
1 14
4 60
5 45
5 65
4 56
3 18
4 28
3 30
4 64
4 56
5 90
1 13
3 18
1 10
3 60
2 32
4 28
2 34
4 52
2 30
2 14
5 50
1 20
1 6
5 90
3 21
4 76
3 36
2 16
5 45
4 60
5 95
4 80
4 80
5 75
2 30
5 75
4 60
5 75
2 26
5 50
3 36
3 30
1 11
4 20
4 68
2 30
4 32
3 39
4 64
4 60
3 30
4 64
1 19
1 11
2 24
2 26
5 90
1 7
1 9
5 45
4 68
3 33
3 21
5 60
1 9
4 48
2 22
2 28
3 30
4 48
1 11
2 24
5 25
1 20
4 68
2 20
3 33
1 17
4 80
5 45
3 15
2 12
3 21
1 8
1 11
3 27
2 34
5 65
3 18
3 30
2 22
2 22
1 11
3 45
1 6
4 28
4 56
3 30
2 34
4 52
5 90
2 34
3 45
5 65
4 72
2 14
3 30
3 27
3 27
1 11
2 40
5 90
2 40
5 45
2 30
4 44
1 17
5 60
1 8
4 24
2 14
2 20
2 32
2 24
4 80
1 14
5 35
3 51
3 51
5 90
1 10
2 30
3 51
2 30
1 12
5 60
1 6
1 8
3 57
5 95
4 28
3 30
4 28
2 32
3 51
5 50
5 30
4 32
4 60
4 28
5 95
3 60
5 75
3 36
2 14
3 30
5 65
4 72
3 27
5 90
3 54
1 6
2 20
1 6
4 40
5 55
2 10
4 32
2 16
4 68
3 27
2 18
5 90
1 9
3 48
3 24
5 45
4 48
5 35
5 40
3 48
3 39
2 36
3 15
1 19
3 45
1 17
2 10
2 30
3 33
3 39
3 45
2 40
5 50
3 54
3 36
3 48
4 24
5 70
3 21
1 18
5 50
5 80
4 60
4 48
2 40
3 42
3 45
4 32
1 8
5 60
1 19
1 13
4 48
1 16
3 33
5 90
2 16
1 20
3 48
1 11
3 27
4 24
3 54
5 95
5 70
3 36
3 51
3 21
3 15
1 14
4 20
1 10
1 6
1 14
2 28
2 18
2 30
3 45
5 65
2 24
3 48
4 64
4 72
5 30
2 14
5 30
5 90
1 6
1 16
3 27
2 18
3 54
3 48
4 24
3 60
5 30
2 30
5 30
1 9
5 90
3 30
2 28
1 19
4 24
4 76
3 15
4 56
4 32
4 24
1 16
1 18
3 27
4 32
1 5
4 40
1 11
3 60
2 10
1 6
3 60
3 18
3 54
1 19
1 18
4 68
5 85
3 18
1 16
2 10
1 11
3 18
4 72
5 35
3 36
4 40
5 95
3 45
3 42
2 28
3 60
1 6
4 76
3 54
5 90
4 76
1 13
3 27
2 34
5 95
5 100
2 28
2 14
5 70
4 80
5 55
4 68
1 11
1 8
3 45
1 9
4 72
4 52
4 36
2 22
2 28
2 10
3 48
4 68
3 18
4 80
4 68
5 60
2 14
5 95
1 8
1 17
5 100
4 32
1 13
5 45
3 45
1 17
5 65
4 24
2 16
4 76
4 60
3 39
3 48
2 18
1 5
2 14
1 8
4 60
3 45
1 9
3 48
3 33
3 36
5 90
2 22
1 19
1 9
4 68
3 51
2 20
1 7
4 64
4 60
4 72
5 90
5 75
2 40
2 26
4 40
3 21
5 35
1 13
1 18
3 48
1 18
3 60
4 60
1 11
4 20
5 45
2 10
4 32
2 22
3 36
1 11
3 36
3 30
4 20
5 45
2 34
2 28
4 40
3 18
1 14
4 72
4 60
4 48
3 18
4 48
3 54
5 95
2 14
2 20
4 64
4 80
1 17
2 40
5 100
2 30
1 9
4 20
1 13
5 35
2 30
1 6
1 5
3 21
5 90
3 21
1 13
4 24
1 20
2 34
5 45
2 30
3 57
2 26
2 34
5 30
4 68
2 16
1 18
2 16
4 60
2 30
4 48
5 85
1 8
3 48
2 30
3 45
2 26
4 60
4 52
1 19
2 32
3 36
1 8
2 30
4 44
1 18
5 90
5 85
3 24
4 48
2 18
2 10
3 48
2 32
5 45
4 48
3 33
2 24
3 36
4 44
5 30
2 18
4 40
3 33
3 15
2 40
2 40
5 70
5 100
5 25
4 28
4 60
2 20
4 64
2 32
5 70
2 14
3 18
5 70
3 18
5 30
1 16
4 36
1 14
3 42
4 32
4 44
4 28
2 22
5 95
4 72
3 48
1 14
2 22
4 72
5 95
3 45
5 35
4 52
4 28
2 16
2 30
4 80
1 8
3 27
4 24
2 32
2 28
4 52
5 80
2 18
2 16
4 48
2 10
2 28
3 51
5 90
5 45
4 44
3 60
3 45
2 32
3 24
4 28
4 56
5 40
4 80
1 19
5 40
3 27
2 32
2 34
1 6
3 21
2 14
4 64
5 25
5 35
5 100
3 36
4 48
5 90
5 80
3 45
5 40
2 26
3 30
5 35
3 60
3 18
1 18
4 72
3 45
4 48
3 48
1 20
4 40
3 45
2 26
2 20
2 36
3 33
3 33
3 51
5 45
5 65
1 9
2 32
3 42
1 15
1 16
2 24
5 65
3 27
5 25
5 85
4 80
3 48
3 27
4 20
5 75
3 42
5 90
1 7
5 60
3 48
2 32
2 10
3 42
2 32
2 32
1 9
4 48
5 50
3 54
2 10
5 85
4 52
3 36
5 45
1 20
5 95
5 45
3 48
5 50
4 60
3 21
5 45
4 56
2 20
3 36
1 18
2 28
1 14
2 14
1 6
2 22
2 40
5 65
2 34
5 85
1 8
4 60
1 9
1 12
4 64
4 48
1 16
4 64
4 24
5 40
4 56
4 64
4 28
5 90
2 24
3 18
4 32
4 20
5 50
1 8
2 18
5 90
2 18
3 15
1 18
2 36
5 85
2 30
5 85
3 42
4 32
2 34
5 95
3 36
5 85
3 33
3 30
1 12
1 8
2 14
3 60
5 50
5 65
3 18
1 9
2 14
1 10
2 30
4 24
4 68
4 32
3 54
1 20
3 60
2 32
1 14
1 19
5 90
2 14
3 27
4 76
4 40
2 36
2 32
1 14
5 100
4 60
5 70
1 11
5 95
2 34
1 18
5 90
2 28
4 64
5 85
2 28
1 19
2 14
5 90
1 10
3 48
3 57
4 80
5 100
2 36
4 44
5 90
2 14
2 18
5 60
2 34
2 10
2 14
5 80
5 30
2 30
4 72
1 10
3 45
2 18
1 13
4 76
3 54
4 28
5 90
3 48
2 10
3 48
5 90
2 30
4 56
2 14
4 48
5 45
4 32
3 33
1 6
3 60
5 45
2 28
2 28
2 30
5 80
4 24
3 18
1 8
3 45
4 48
2 26
2 34
1 17
1 18
5 95
5 75
3 45
5 60
5 60
4 72
4 56
2 30
5 65
5 35
1 8
2 16
4 52
1 18
4 52
4 52
5 45
1 17
5 95
4 20
3 24
5 65
2 22
4 28
3 48
5 80
2 34
5 75
5 25
5 75
1 14
4 24
2 30
1 11
4 40
3 60
3 18
3 33
3 60
1 6
1 8
1 6
4 80
2 22
5 45
2 20
4 32
5 65
1 6
5 75
4 36
4 28
5 95
5 65
5 55
2 36
3 48
3 45
5 55
4 60
1 13
3 27
4 48
2 22
4 64
2 12
5 50
2 34
4 44
2 14
2 24
2 26
1 5
1 18
4 72
5 85
5 85
4 56
4 80
2 26
5 85
3 51
1 11
1 8
3 51
4 48
5 90
4 48
4 48
5 90
2 40
1 10
4 68
4 56
3 27
5 45
2 34
5 90
5 95
2 20
1 6
2 14
1 16
3 36
5 30
2 40
5 35
4 80
4 56
4 60
4 72
1 8
2 32
4 64
2 20
3 33
1 8
3 57
4 64
4 24
3 15
2 32
5 90
5 90
4 24
2 12
1 9
3 48
5 95
1 6
2 16
5 55
1 17
5 45
2 10
3 24
5 90
1 10
3 60
3 30
3 27
2 30
4 24
3 60
5 45
2 28
5 55
1 18
4 32
3 36
5 85
3 57
5 55
4 40
3 30
2 16
2 34
4 64
3 36
4 56
3 27
1 5
5 75
5 95
5 30
5 85
2 26
2 32
2 34
5 30
5 25
4 40
1 14
2 16
4 52
1 17
5 95
3 27
1 19
5 80
1 6
4 72
5 45
4 28
5 45
5 70
3 18
3 51
2 16
4 60
5 90
5 55
3 18
1 10
4 28
3 51
2 30
4 52
3 27
5 45
3 54
2 10
2 34
5 30
4 20
4 80
2 34
3 18
2 40
4 32
1 8
5 100
2 36
3 18
5 35
3 18
1 14
2 28
2 20
3 45
4 28
3 27
3 51
3 18
5 65
1 15
1 10
5 85
5 80
1 11
1 10
4 60
5 85
3 54
5 85
5 65
5 55
2 30
4 60
1 9
5 40
4 68
2 34
4 44
3 54
2 14
5 50
4 32
2 30
5 75
3 15
5 80
1 13
3 45
3 27
1 8
3 51
4 48
1 18
4 32
4 24
2 26
3 60
1 17
5 60
2 20
3 57
4 48
2 34
5 45
2 28
5 55
5 90
5 55
2 20
4 32
1 16
5 45
5 65
3 42
2 22
4 68
1 18
5 85
4 28
3 48
3 45
4 60
1 11
1 12
5 80
1 18
5 60
5 95
2 18
2 14
4 72
5 80
1 10
3 30
2 32
4 52
5 45
1 16
2 28
5 70
4 64
5 95
3 60
3 15
5 85
3 27
4 24
4 40
2 14
4 68
2 28
4 68
5 70
3 39
4 28
2 24
3 39
4 28
3 33
3 39
5 90
1 10
4 80
3 60
5 40
5 45
4 72
2 22
3 15
3 48
4 80
4 76
1 11
5 95
4 48
5 80
5 40
1 12
1 7
3 51
3 42
4 52
4 24
3 60
2 30
2 30
5 70
3 21
4 20
1 20
3 39
1 18
2 14
3 24
1 8
3 36
1 12
4 80
3 30
1 9
5 90
2 30
5 85
3 15
2 30
2 22
5 80
4 80
4 48
1 9
1 16
5 100
5 30
4 64
3 36
4 32
3 42
3 30
5 100
3 30
3 54
2 16
1 7
5 45
5 100
1 11
2 16
5 90
3 57
3 39
2 18
3 60
1 20
1 20
5 40
2 34
3 18
3 21
1 8
1 18
2 26
2 26
3 36
2 20
5 60
3 21
5 30
1 16
1 14
5 75
5 70
1 8
5 95
3 33
2 32
4 76
2 26
2 36
4 68
1 17
3 18
2 32
2 22
5 40
2 10
5 35
1 15
2 24
1 6
5 25
5 30
3 51
5 50
1 12
3 36
4 72
2 36
2 22
5 60
1 9
4 68
2 24
2 26
4 72
5 55
3 27
1 18
3 21
4 56
2 16
2 18
4 60
3 18
2 40
2 26
5 90
4 28
3 54
3 48
5 75
2 10
1 5
4 24
5 100
3 48
2 34
5 90
5 30
2 14
5 60
2 40
5 80
1 11
4 56
5 80
5 70
3 27
3 15
2 22
3 36
4 80
5 90
3 54
4 60
5 25
1 9
4 48
4 60
2 12
2 10
4 32
4 68
2 24
2 20
5 45
3 45
1 6
2 28
1 10
4 80
4 76
5 80
4 60
4 52
2 30
3 39
3 27
4 72
2 24
3 36
4 72
1 20
2 20
2 32
2 26
3 45
1 14
4 32
3 27
4 80
5 50
1 20
2 14
3 48
1 6
4 36
5 80
4 60
3 18
2 30
4 48
5 90
4 44
2 28
2 40
4 72
4 28
3 21
5 45
3 54
2 16
1 11
5 40
5 90
3 57
5 65
4 40
1 11
3 45
1 13
3 48
5 75
5 80
5 70
3 21
1 11
1 7
1 11
2 10
4 28
5 80
3 60
5 35
1 16
1 17
3 45
2 32
5 55
2 22
1 19
1 6
2 10
3 54
2 30
3 33
3 57
5 75
1 11
2 26
2 22
1 19
3 27
4 64
4 48
1 10
2 22
2 28
3 54
3 60
2 30
1 18
2 36
2 32
1 20
4 60
2 26
1 15
5 55
5 85
3 24
2 10
1 5
5 30
3 60
4 80
2 36
3 18
3 60
1 13
1 18
5 30
3 42
5 40
5 85
5 70
1 10
5 80
1 19
5 45
4 24
3 60
1 8
2 20
2 34
3 48
3 36
4 68
2 32
1 6
5 45
5 70
2 36
1 16
4 48
4 20
1 11
4 32
1 7
2 24
5 70
4 24
4 72
2 28
2 28
3 45
3 36
3 18
4 68
1 16
4 28
1 18
2 32
1 20
2 28
2 16
3 21
4 48
3 18
2 40
2 28
4 60
3 48
2 30
5 65
1 20
1 16
5 85
3 27
1 6
1 7
4 80
2 16
5 80
5 70
4 76
4 64
5 40
4 32
3 30
3 36
1 8
3 60
5 25
2 32
4 60
4 64
1 14
3 36
4 28
5 45
2 30
4 56
4 76
2 40
2 32
1 14
5 65
3 54
1 18
5 55
5 100
3 36
3 27
3 39
4 60
1 20
4 60
3 18
5 90
1 10
2 30
4 68
5 35
2 32
5 90
3 48
1 9
1 11
5 50
3 42
2 16
5 45
2 34
5 35
5 25
3 51
1 11
1 10
2 26
3 51
1 12
4 60
4 44
3 27
5 30
3 48
4 36
3 27
4 28
1 14
5 45
4 52
5 70
4 80
5 75
4 44
1 18
2 32
4 48
3 36
5 95
4 36
2 16
2 24
1 12
4 64
3 60
1 16
3 48
3 33
5 30
3 36
5 30
5 50
4 76
5 65
4 64
3 48
3 18
5 45
1 13
4 60
5 55
3 54
3 27
1 6
5 90
4 60
2 14
5 100
5 80
2 40
2 26
4 68
2 32
5 40
2 32
4 32
5 90
4 20
5 60
1 13
5 90
4 80
5 70
1 16
5 30
2 16
4 32
3 18
3 48
2 32
3 39
3 36
2 30
2 36
5 50
2 22
5 25
2 28
4 56
5 60
3 42
4 52
3 21
4 56
1 6
1 10
3 51
3 45
4 80
5 65
2 34
5 45
1 12
3 27
2 28
4 68
5 55
4 72
5 50
2 10
1 15
4 44
3 57
5 80
3 33
2 24
2 14
3 45
2 34
5 30
3 51
5 40
4 24
3 36
2 10
4 60
3 18
4 52
4 64
4 28
2 22
2 22
1 6
5 100
4 32
2 14
5 90
3 54
1 6
1 10
3 54
4 76
1 15
5 70
5 25
4 32
4 52
1 19
4 60
4 48
4 60
2 18
1 12
4 28
1 18
5 95
2 14
2 30
3 15
4 32
1 6
4 64
1 12
4 32
1 17
2 22
5 45
1 8
4 24
1 16
5 65
3 45
4 72
1 10
5 25
4 32
3 54
4 20
4 60
4 28
5 65
5 95
4 72
3 27
2 32
1 8
2 20
2 32
5 55
1 16
1 18
3 27
4 68
1 16
1 9
3 54
3 18
2 40
4 36
5 45
3 48
5 35
4 60
3 48
1 11
1 17
4 20
4 60
5 85
3 15
4 72
4 64
3 36
3 51
4 40
5 35
5 100
5 80
5 70
1 16
3 24
3 48
1 20
5 40
1 15
2 40
2 30
3 42
1 6
2 34
1 9
1 8
3 57
5 40
2 20
1 18
4 56
3 21
1 8
2 40
1 11
5 65
5 65
1 19
4 68
4 68
3 30
3 45
2 30
4 40
3 39
4 40
2 14
1 7
5 55
4 28
3 60
2 10
3 60
5 50
4 48
4 20
5 40
2 30
1 12
4 24
4 60
5 90
4 68
5 90
3 39
2 14
1 16
5 95
3 54
3 39
1 18
4 44
1 8
5 40
4 48
3 39
5 75
4 56
1 11
4 24
2 14
4 64
1 15
1 20
5 100
1 12
5 50
4 60
4 56
1 11
2 18
2 40
5 90
4 60
1 16
4 80
1 19
2 30
5 85
1 7
3 45
2 34
5 65
2 16
3 36
5 90
4 68
3 51
4 56
1 19
2 24
5 95
5 85
3 57
5 90
4 80
3 18
3 15
2 16
4 60
2 18
3 39
2 10
2 20
5 85
5 50
3 36
5 45
1 20
5 85
2 36
3 57
1 8
5 35
3 60
3 15
1 13
5 25
2 24
2 36
4 76
3 15
5 75
2 10
1 11
5 45
2 18
3 39
5 85
1 6
2 12
4 48
2 30
5 95
5 25
5 75
2 26
3 42
1 12
2 30
2 24
2 14
1 7
2 10
4 68
1 18
3 60
2 26
2 14
2 40
1 19
3 18
4 60
1 7
2 20
5 30
5 95
3 54
3 45
4 56
3 36
1 16
2 12
5 75
4 76
1 20
3 51
4 72
5 90
1 5
5 95
5 70
2 40
4 40
4 68
5 60
3 27
5 45
1 16
1 6
1 12
4 60
1 10
4 56
5 85
4 80
3 27
2 24
3 51
5 85
1 5
2 32
3 18
1 6
5 80
2 32
1 19
3 39
4 68
2 30
1 15
3 30
5 70
1 8
4 24
1 7
3 60
2 22
4 80
1 19
4 64
5 75
1 12
4 52
1 8
4 32
5 40
1 16
3 15
4 20
2 32
3 36
4 52
1 20
2 30
2 28
2 30
3 24
4 44
2 34
3 39
1 11
5 55
4 48
3 21
2 14
5 25
2 40
2 10
1 19
1 14
3 15
1 13
5 55
5 90
3 60
1 19
2 26
2 40
5 30
2 30
5 65
3 45
4 72
4 28
4 32
1 6
5 30
1 11
5 30
1 16
4 44
4 72
1 20
3 48
1 14
5 55
3 27
1 19
1 19
2 34
2 20
2 32
2 32
4 68
5 35
2 30
2 34
5 75
4 68
1 19
2 30
4 48
5 25
2 20
1 20
5 90
2 20
5 75
1 11
4 68
4 20
3 18
4 64
4 64
1 9
5 90
5 25
4 56
3 18
5 45
3 18
3 54
4 56
5 40
3 15
4 80
4 28
2 28
1 7
2 18
1 13
3 30
2 28
3 57
1 20
5 55
2 10
4 20
2 16
4 64
3 48
2 34
3 36
2 30
4 68
5 70
5 60
4 56
5 45
4 68
3 27
1 11
4 72
2 26
5 55
1 10
3 54
2 20
3 60
1 10
3 33
1 5
4 56
5 90
2 30
5 65
2 32
1 18
5 35
1 20
3 18
2 10
2 40
4 80
2 30
3 27
2 28
2 40
4 80
4 64
1 9
2 28
3 60
4 56
5 70
5 75
3 48
5 75
5 50
5 30
4 28
3 33
1 18
2 30
1 10
3 21
3 30
2 26
5 30
2 20
3 33
3 45
1 12
1 18
5 95
1 11
2 30
5 35
4 68
1 17
3 18
3 45
5 60
4 76
2 22
1 18
1 11
1 18
3 18
5 90
4 72
3 42
1 14
2 28
5 25
4 48
1 11
1 18
4 24
1 11
3 54
4 52
3 48
5 45
2 14
2 16
1 10
3 15
4 60
5 45
3 36
4 64
3 48
2 22
1 17
5 30
2 20
5 95
3 24
5 40
5 90
2 20
2 36
5 90
3 60
2 20
1 18
1 15
5 90
2 16
4 68
3 45
3 33
4 44
4 60
4 64
5 25
3 60
1 16
1 8
2 22
4 44
5 50
4 60
1 14
1 11
2 24
2 20
2 22
1 16
5 30
4 52
3 39
4 56
4 28
1 16
5 80
2 10
3 24
5 70
1 11
3 48
3 51
5 25
3 15
4 28
5 90
3 21
3 18
3 30
2 24
2 36
2 18
3 45
4 20
5 60
4 28
5 75
3 18
2 40
3 45
2 34
5 100
3 33
5 75
4 28
3 27
3 60
1 6
2 28
5 95
3 54
4 52
2 40
1 8
2 14
5 65
2 34
4 28
3 30
2 22
2 32
3 51
4 64
1 10
4 68
3 27
4 24
5 45
2 10
2 26
2 20
1 15
5 95
2 30
4 40
4 32
4 24
2 26
5 70
4 56
5 30
3 15
1 15
4 20
2 32
4 44
1 7
3 42
1 11
4 48
3 51
2 36
1 5
3 21
3 27
5 60
4 48
4 68
1 20
2 28
4 52
3 36
5 90
5 45
5 30
5 95
4 80
4 36
3 30
5 50
4 36
5 30
2 34
1 9
2 34
2 40
4 60
4 60
2 28
1 6
5 90
3 60
5 95
5 90
2 32
4 32
5 25
2 40
1 10
1 18
3 18
4 48
3 21
2 40
3 39
3 45
5 85
2 14
1 15
2 40
3 15
5 30
4 72
1 14
5 45
5 70
5 65
3 45
2 32
1 10
5 85
3 18
4 76
4 60
3 30
5 80
5 30
5 40
3 33
3 36
5 75
5 45
3 36
4 28
1 18
1 6
2 40
4 20
4 68
1 8
3 60
2 14
5 50
5 100
5 75
3 18
2 36
3 18
3 45
3 21
5 65
5 35
4 24
5 45
4 40
1 5
4 60
1 18
1 12
5 100
2 14
4 48
4 52
5 70
3 39
2 20
2 36
2 10
5 75
4 24
3 42
1 5
3 33
1 8
3 24
3 45
1 6
4 32
1 11
1 16
4 72
4 40
4 60
4 80
2 22
3 48
1 19
3 18
5 90
2 30
5 95
2 26
2 32
1 17
2 26
5 45
4 60
4 36
3 48
4 72
5 50
2 30
3 60
1 8
4 80
2 30
1 12
4 68
5 50
2 36
4 20
5 30
2 26
5 45
1 12
3 18
5 90
1 12
3 45
4 20
4 28
2 24
1 15
1 11
2 16
2 24
2 24
2 20
3 39
1 9
5 55
2 32
4 52
2 24
3 30
3 51
1 8
2 30
4 60
4 56
3 21
1 11
3 30
2 32
4 60
3 51
4 68
3 48
1 6
2 10
1 12
5 30
5 30
5 75
2 32
2 20
1 13
1 17
3 27
2 30
1 15
5 75
2 26
2 30
2 26
5 50
4 24
2 14
5 35
3 33
1 5
4 36
5 90
2 24
3 60
5 45
4 80
5 75
2 14
2 34
4 48
1 18
1 20
4 68
1 18
3 45
4 80
2 14
1 18
2 10
1 6
3 27
2 30
1 5
5 30
2 30
2 34
1 6
5 35
3 51
3 57
4 32
1 17
2 16
3 57
2 16
1 8
2 34
1 18
2 36
4 56
3 33
5 30
1 7
4 24
5 25
4 32
2 40
1 8
1 16
2 26
4 64
3 51
5 55
3 45
4 56
3 48
5 95
5 70
2 30
4 24
2 40
2 22
3 54
2 34
4 24
4 20
2 28
4 24
1 6
2 28
3 48
4 56
4 28
3 39
4 60
2 22
2 28
3 30
3 60
1 20
3 48
5 55
3 48
5 30
4 32
4 40
1 18
1 11
5 30
3 18
3 36
1 11
3 33
2 20
5 25
2 30
3 30
5 55
5 60
1 20
3 48
2 32
1 20
2 24
5 95
2 24
2 16
3 33
4 80
1 8
3 18
2 22
2 26
2 14
1 16
5 65
5 85
4 64
5 65
5 100
4 76
1 8
3 21
3 27
1 5
3 48
4 68
3 30
3 54
2 28
1 9
1 15
1 17
5 65
4 76
3 24
4 60
5 90
1 18
3 24
1 11
1 18
3 15
3 18
2 32
4 76
4 64
4 60
3 18
4 72
4 72
3 27
5 30
5 90
2 40
5 80
1 19
3 45
5 70
5 30
4 64
4 20
3 15
4 40
1 6
1 12
2 28
5 95
5 90
3 36
2 26
4 72
1 10
3 57
4 32
1 17
5 90
2 30
3 15
3 33
2 24
5 30
2 34
2 40
1 11
5 95
2 20
2 10
3 33
3 51
2 14
1 11
5 45
3 33
5 40
3 45
5 45
1 11
1 14
4 64
3 48
1 8
3 45
4 36
3 27
5 50
3 42
5 25
3 27
1 13
2 36
1 19
4 28
5 55
5 60
5 30
2 36
2 10
3 33
1 20
2 34
1 20
3 48
4 48
2 22
2 40
3 48
3 18
5 30
4 32
3 33
3 18
4 32
4 36
2 34
4 44
2 40
1 18
1 11
3 60
3 21
1 10
1 11
3 30
4 72
4 76
3 15
5 45
5 30
1 17
5 70
5 25
5 45
2 28
3 42
2 34
1 6
3 36
3 30
5 75
4 52
2 14
2 14
3 39
3 33
2 24
3 21
1 8
5 30
2 20
2 16
5 65
5 30
3 15
4 56
3 27
1 10
4 44
4 56
5 25
4 48
3 45
4 72
1 6
5 90
2 26
1 7
5 95
5 60
5 100
3 18
4 64
3 45
3 24
5 50
4 28
5 75
2 30
1 9
1 14
4 52
4 64
2 16
1 14
5 90
2 16
5 70
3 27
5 45
5 75
5 55
1 9
2 14
2 40
4 80
4 52
3 27
5 35
2 30
2 20
2 10
1 15
5 30
2 26
5 70
1 18
2 34
1 17
4 60
3 36
2 26
3 54
3 15
2 30
1 6
2 28
1 12
2 22
3 15
5 90
4 80
1 10
5 60
1 7
2 16
5 90
5 25
4 56
2 12
5 40
3 45
3 45
2 34
2 34
2 20
5 60
3 36
1 20
5 90
2 28
3 27
3 51
3 33
1 8
3 45
5 75
5 30
4 32
1 11
2 18
2 28
1 19
5 90
5 50
4 32
5 85
1 8
3 60
4 44
1 17
3 60
5 90
2 40
3 48
1 19
3 54
5 95
2 40
1 13
5 55
3 33
4 32
2 12
1 18
4 48
4 60
1 9
1 11
1 19
4 68
4 68
1 11
4 48
2 18
3 60
2 24
3 45
2 34
3 24
5 70
2 18
2 14
5 45
2 40
3 30
2 32
3 48
5 65
2 14
1 10
3 60
1 18
5 70
1 16
2 30
1 6
2 14
5 90
2 32
2 26
3 54
2 36
2 10
4 52
1 11
4 48
5 25
5 40
3 48
2 14
4 28
4 68
4 68
1 20
5 65
2 36
2 10
3 18
1 16
2 34
1 11
5 65
4 60
5 40
2 24
4 28
5 30
4 52
5 25
3 27
3 45
2 30
5 90
3 36
3 18
2 40
5 40
1 8
4 32
1 16
3 51
2 40
3 39
4 72
5 30
5 90
4 28
2 32
4 56
1 19
4 20
3 36
2 16
4 64
5 100
2 28
4 52
5 65
3 60
4 56
2 10
5 25
2 24
5 65
3 42
2 18
4 64
3 18
4 68
3 18
1 8
3 18
4 48
5 30
4 32
4 64
2 34
3 60
5 45
3 30
3 27
4 20
4 40
1 7
2 36
3 33
1 18
5 50
1 6
3 60
1 17
5 40
4 28
5 60
3 18
3 48
3 60
3 27
2 16
5 100
5 30
4 28
5 25
3 33
5 85
4 60
2 34
2 16
5 85
4 24
5 90
1 17
3 54
4 24
2 26
3 18
4 28
4 68
1 8
3 18
2 28
3 39
4 76
3 27
3 21
5 50
3 48
5 85
4 36
2 16
2 28
2 18
1 18
1 17
1 9
4 52
1 12
3 36
3 39
3 18
3 27
3 27
1 15
5 65
2 16
1 16
5 50
3 36
2 24
3 45
4 80
2 32
4 24
2 28
3 54
2 40
5 75
5 85
3 48
5 65
1 19
5 70
3 39
5 90
1 13
2 20
3 30
5 70
5 90
1 5
5 75
4 48
2 14
5 90
3 33
3 45
5 65
5 65
3 39
3 60
2 16
1 11
3 36
5 30
4 72
4 68
2 30
5 75
5 75
5 25
3 33
5 40
1 8
3 33
5 50
5 85
1 11
1 6
1 7
5 90
5 50
1 12
1 15
4 44
2 20
3 51
3 33
4 32
3 33
2 26
1 17
4 56
5 90
4 68
3 33
5 75
5 90
5 80
2 34
1 7
2 28
1 18
4 32
4 28
3 36
3 36
5 90
2 28
1 10
3 27
3 15
3 39
3 18
5 50
4 48
4 44
5 55
5 30
5 45
2 32
5 30
4 28
5 90
5 70
4 76
1 17
3 45
4 76
4 80
5 65
4 80
3 51
5 75
4 56
2 40
2 26
2 28
3 48
1 10
3 42
3 51
4 64
1 20
3 36
1 18
1 20
3 30
3 21
3 27
4 24
2 26
5 30
5 100
1 19
1 8
1 17
4 48
3 33
1 20
5 30
2 30
2 20
2 18
3 18
3 21
4 24
4 32
2 40
1 16
4 32
4 56
3 36
4 72
3 60
2 10
4 32
3 54
3 24
4 56
1 10
3 27
3 45
3 27
4 56
2 12
4 76
1 12
4 56
2 26
5 65
3 54
4 28
1 8
1 16
3 30
5 55
5 30
2 12
4 28
4 60
3 48
4 44
5 95
1 14
4 52
3 18
3 42
2 40
4 60
1 6
5 70
5 100
1 5
5 85
1 11
1 5
3 48
4 48
1 18
5 90
2 16
1 6
3 33
1 16
4 56
1 20
3 15
2 32
4 32
2 12
4 72
2 32
4 48
4 80
3 60
2 32
1 18
5 65
5 100
5 90
3 45
3 15
4 72
2 30
4 36
4 28
1 5
1 7
4 20
1 5
4 36
2 12
4 72
3 18
1 18
4 24
4 40
5 30
1 12
5 35
5 90
3 45
2 32
2 10
4 80
1 6
4 28
2 26
5 90
1 19
2 20
5 45
2 40
3 54
2 22
4 56
1 10
2 20
1 16
5 55
5 80
5 95
1 11
3 36
1 20
3 18
1 8
2 22
1 18
4 60
3 48
4 36
1 5
2 22
2 26
2 12
3 60
3 60
2 14
4 64
5 70
2 22
4 64
4 24
5 65
2 28
1 17
1 7
1 11
4 80
2 22
1 10
4 44
3 33
3 30
2 12
4 56
4 32
4 68
4 32
2 24
4 44
4 80
1 18
5 25
1 11
5 100
1 9
3 33
3 60
3 33
2 28
1 13
2 30
4 24
1 19
5 80
5 30
5 45
2 10
2 40
2 10
4 36
3 24
2 40
4 40
3 48
4 48
4 52
4 64
3 27
2 22
5 95
1 18
2 34
3 33
1 14
4 76
2 10
2 36
3 51
3 45
5 100
4 60
5 60
1 20
2 10
3 48
2 30
2 24
4 20
2 24
5 65
2 30
1 16
5 30
5 35
1 17
5 100
4 40
4 20
3 30
2 32
3 27
3 45
4 72
2 10
3 42
2 16
3 45
5 45
5 50
2 26
3 54
1 20
2 32
4 64
5 85
2 10
1 20
4 80
1 6
1 10
4 60
3 18
3 15
5 60
4 80
3 45
2 16
5 30
3 51
2 10
4 68
4 60
4 48
5 65
4 80
5 65
5 50
4 28
2 40
1 6
5 75
3 33
1 6
3 42
2 40
4 80
3 33
3 54
3 42
2 16
2 32
2 40
5 95
5 25
2 40
4 56
3 48
4 44
4 60
5 85
4 56
2 24
3 24
2 30
3 48
3 45
2 14
4 32
5 95
5 50
5 85
2 20
1 10
1 18
4 68
3 60
4 68
2 32
5 60
1 10
2 10
1 5
5 25
2 32
5 50
3 48
5 65
1 19
4 64
2 20
4 60
1 16
1 16
4 48
4 72
1 8
2 28
5 85
4 56
2 14
1 19
3 48
3 60
5 75
1 11
2 18
1 5
2 30
5 90
1 10
1 16
2 18
4 28
4 32
1 18
3 27
2 16
1 6
2 12
3 27
4 44
2 32
5 65
3 18
1 9
5 25
2 30
3 27
3 15
2 10
2 26
5 75
3 39
3 48
3 18
3 15
2 28
4 68
5 45
4 68
2 18
5 65
5 55
2 20
5 90
2 16
5 30
3 18
4 32
4 48
4 32
1 11
2 40
1 17
1 16
2 24
2 14
1 19
3 36
1 17
2 24
3 33
2 22
3 48
2 28
3 42
2 16
2 22
5 30
2 28
5 100
3 27
5 55
1 11
5 30
5 45
4 68
5 85
1 5
3 54
4 24
4 48
4 60
2 18
5 100
2 22
1 6
2 10
3 48
2 30
2 40
3 33
4 36
1 7
4 24
1 5
5 30
3 45
1 19
1 12
2 30
3 48
1 13
2 16
5 100
5 50
5 50
3 54
1 14
2 36
2 20
1 11
5 95
5 70
1 7
4 64
1 19
2 16
4 60
4 80
3 27
1 17
3 33
4 44
2 36
4 64
4 56
1 6
1 12
4 32
3 36
4 60
5 80
3 36
5 60
4 48
5 25
5 70
3 33
2 22
5 65
4 80
1 7
2 28
3 15
2 32
2 40
3 60
3 24
2 30
1 14
2 20
5 35
2 30
2 18
3 51
4 52
4 40
5 100
2 20
3 18
4 60
1 8
2 12
5 45
3 39
5 60
2 34
5 75
2 16
1 17
1 18
1 6
3 33
5 50
5 95
1 17
5 55
1 16
2 10
1 18
1 9
1 16
1 5
4 64
4 68
2 12
5 35
5 75
1 16
2 30
3 60
1 6
2 16
3 18
4 68
2 10
5 95
1 19
1 18
5 85
3 60
2 36
2 24
5 30
4 72
1 14
5 50
1 11
4 56
3 48
2 18
5 75
4 32
4 68
2 10
3 60
4 20
2 14
3 54
1 6
5 65
5 90
3 21
4 56
1 11
3 42
1 6
2 24
5 30
3 27
4 56
2 18
1 14
2 10
1 11
3 51
5 85
1 18
2 28
2 22
2 14
5 65
3 48
1 10
5 50
4 60
3 60
5 90
5 90
4 60
4 60
2 32
2 24
3 15
4 52
3 36
1 5
2 20
2 28
2 16
2 30
2 32
5 75
4 40
3 36
3 18
2 14
4 40
3 60
2 30
5 95
5 65
5 50
5 45
3 27
1 20
2 10
1 5
5 100
4 44
4 28
5 100
4 72
2 34
1 6
4 76
2 22
4 48
1 20
4 56
4 28
2 26
1 8
4 48
4 36
1 18
1 7
3 21
2 34
5 45
1 11
3 39
4 64
5 95
4 64
5 80
2 24
2 30
4 48
2 22
5 65
1 9
1 9
2 20
5 50
4 24
2 30
3 27
1 18
2 28
3 30
5 60
3 21
3 60
2 12
5 75
4 48
2 30
3 51
1 8
1 18
1 6
2 30
3 36
1 20
5 80
2 18
5 55
3 48
3 54
3 36
2 30
3 18
4 60
2 30
4 32
3 60
5 85
5 30
3 54
5 95
3 18
5 30
4 60
1 13
4 56
4 24
3 51
5 85
3 48
1 17
1 10
3 54
2 20
5 50
5 85
4 36
2 28
5 95
4 56
3 54
2 36
3 21
1 16
5 45
4 68
2 24
2 22
3 33
4 68
1 18
2 40
5 50
3 48
5 35
4 48
1 19
4 48
2 32
2 12
2 30
4 64
4 72
1 5
2 28
4 56
3 39
2 30
3 54
1 17
4 56
1 14
1 18
3 48
3 30
3 51
5 65
3 51
2 32
3 57
1 14
3 45
4 28
3 48
4 80
2 38
2 28
1 18
5 65
4 60
5 65
3 60
3 45
2 20
4 20
2 14
3 36
3 33
2 26
4 20
4 36
5 55
5 40
4 24
3 45
3 60
2 30
4 60
4 20
2 20
2 32
2 24
4 28
2 20
5 55
5 40
1 12
3 30
4 64
3 18
4 72
2 40
3 45
5 55
1 19
4 80
5 55
5 80
5 90
3 60
1 12
1 12
3 21
2 16
5 50
2 28
4 20
2 28
5 90
3 24
5 65
2 34
4 76
1 11
1 18
1 10
3 36
2 40
1 10
4 20
5 50
1 6
3 42
1 18
3 48
2 20
4 36
1 18
1 10
4 72
1 12
1 10
3 24
2 30
5 50
3 48
4 76
2 34
3 42
2 26
3 51
5 40
3 36
5 55
2 16
1 17
2 30
5 45
1 12
2 20
2 10
4 28
4 60
4 80
2 32
4 80
1 11
5 90
1 17
5 80
2 34
2 34
4 68
5 90
3 45
1 6
3 21
5 30
1 6
4 48
1 11
5 55
1 11
5 90
5 30
5 100
5 75
4 80
1 19
2 40
4 52
5 65
2 26
1 5
2 26
5 90
4 56
5 100
4 68
4 72
5 45
4 28
3 57
5 80
1 8
2 30
5 30
3 39
3 33
1 12
4 28
2 30
2 26
3 57
4 68
5 95
3 27
1 12
3 24
5 30
5 70
3 45
2 26
4 28
1 18
5 95
3 36
1 13
3 48
3 54
2 10
1 10
3 45
3 45
1 19
4 40
1 16
1 9
4 36
4 56
3 36
5 90
2 34
2 32
1 7
4 56
1 10
3 42
5 90
5 75
5 40
1 6
1 19
1 16
5 25
4 24
4 24
3 45
2 32
5 65
5 45
4 32
4 52
5 85
1 15
5 55
3 48
3 54
2 28
1 18
5 30
2 20
2 16
5 90
2 16
3 54
1 10
5 95
2 22
3 36
4 68
3 27
4 40
2 26
5 95
3 42
4 32
4 60
1 18
2 30
1 12
1 14
3 60
4 20
3 21
4 68
5 30
5 95
5 90
2 12
1 5
2 12
2 36
4 52
5 35
1 7
1 16
1 12
5 65
5 90
5 30
5 70
4 60
2 28
3 60
2 30
2 20
4 40
1 11
2 12
5 65
3 15
5 75
3 27
1 17
5 70
2 16
2 16
2 24
3 39
1 6
4 52
5 55
5 60
3 33
4 80
3 18
3 54
1 6
4 72
5 65
3 15
2 30
5 75
1 18
4 64
3 18
1 6
1 18
2 34
1 11
4 24
2 24
5 70
4 64
5 70
2 26
2 20
5 60
2 38
3 45
5 90
4 48
4 72
5 65
5 90
4 48
2 30
3 48
4 40
1 18
2 34
5 25
3 21
4 32
4 80
1 19
2 18
5 65
2 32
4 28
3 36
2 18
2 22
4 40
3 54
5 100
4 24
3 39
2 14
2 14
4 64
4 64
1 11
2 38
4 76
4 20
1 14
4 76
3 30
4 52
4 72
2 32
4 80
2 30
2 30
2 40
4 48
5 25
4 24
5 80
3 42
1 20
5 95
5 65
2 30
4 28
1 13
3 45
4 44
1 11
1 18
2 14
4 68
3 39
2 36
4 44
2 30
4 24
2 22
5 80
1 12
1 11
4 64
1 18
4 20
2 26
4 76
4 32
4 40
2 26
5 80
3 21
3 15
3 18
5 70
2 28
3 18
2 34
2 20
3 48
5 65
2 24
3 51
4 60
4 20
3 33
2 24
2 18
3 51
1 13
5 45
4 24
5 30
5 90
1 18
5 45
4 52
4 52
3 60
2 30
3 60
3 54
4 24
5 60
3 60
2 30
2 12
2 20
5 90
4 68
5 90
5 40
4 52
5 85
5 65
1 12
5 45
1 6
1 18
4 36
2 16
1 11
1 20
2 14
4 36
1 6
1 18
3 36
1 18
1 20
2 30
3 33
4 56
5 85
2 14
3 18
4 80
4 68
5 30
5 95
4 52
3 36
4 28
2 16
2 20
3 33
4 48
5 55
4 40
4 68
2 24
5 35
2 12
5 45
5 60
5 85
2 20
4 80
5 45
4 76
1 5
5 90
1 14
4 68
1 19
5 90
5 45
2 14
1 5
2 20
2 24
5 85
4 52
5 70
5 90
5 45
4 64
2 34
3 30
1 19
2 30
4 32
4 32
4 40
3 15
5 85
4 60
4 60
1 5
3 42
5 65
1 10
5 65
3 15
2 18
4 56
5 50
3 33
4 56
2 22
5 95
3 15
2 40
4 24
4 52
4 32
3 42
1 10
4 32
2 20
3 39
5 45
4 32
2 22
3 45
2 18
3 45
4 40
5 85
5 75
5 90
3 57
2 14
5 65
4 80
3 51
3 27
1 11
4 28
5 40
1 16
3 45
5 80
4 48
4 24
3 51
3 45
1 16
4 28
5 95
1 8
1 10
2 14
1 18
4 20
2 40
2 40
2 14
2 40
4 24
5 35
2 32
5 80
4 24
4 32
1 14
5 60
1 13
1 16
1 8
2 34
1 11
1 8
1 19
2 26
3 27
4 80
1 20
1 8
1 14
1 18
1 18
5 60
2 22
3 27
4 48
4 52
4 28
5 45
1 6
4 60
5 90
1 13
2 24
3 60
3 45
5 50
1 11
2 36
4 48
2 30
1 12
2 24
1 8
5 65
3 48
2 32
5 50
4 32
1 9
4 72
4 60
5 65
2 34
1 18
5 45
2 30
3 18
1 12
5 50
4 36
1 17
2 14
5 50
5 60
2 16
4 72
2 10
2 18
2 26
4 60
5 70
2 12
3 21
3 21
2 14
2 10
5 40
1 19
2 20
1 12
2 32
2 22
3 60
2 32
5 45
4 32
2 24
2 10
1 12
5 95
2 30
4 48
1 12
3 33
1 14
4 64
5 90
2 40
1 12
5 60
4 56
2 14
1 7
4 68
1 16
2 32
4 72
4 60
2 16
4 60
4 68
1 19
2 30
2 16
5 30
4 32
2 30
4 68
5 65
4 44
1 11
5 75
3 42
2 22
1 11
2 34
3 54
4 24
4 28
3 18
5 80
2 28
1 9
3 15
3 36
1 11
1 18
1 14
4 52
4 80
1 10
3 39
4 32
5 75
1 15
4 80
5 50
1 13
2 36
4 64
3 27
5 65
1 8
5 85
1 10
2 32
2 26
1 6
3 18
1 14
4 72
2 12
4 32
1 8
2 26
4 28
1 16
3 21
5 80
4 44
2 40
3 15
1 12
5 45
4 28
1 6
5 45
1 15
4 48
3 36
1 9
5 40
3 48
4 48
5 30
2 26
3 36
1 5
5 95
1 15
1 7
4 48
4 32
1 14
3 48
1 17
4 68
1 18
1 16
5 50
3 30
1 20
4 28
5 45
1 17
2 20
2 40
2 14
1 11
1 10
3 18
2 40
1 7
1 8
5 100
3 18
5 80
3 21
5 75
4 56
3 45
2 40
5 85
5 75
2 36
3 60
2 32
4 60
3 27
2 18
4 36
5 80
5 25
2 16
5 75
2 16
1 14
3 48
3 30
2 22
2 30
2 16
4 44
2 32
3 33
4 68
5 45
1 6
3 45
1 13
3 48
2 24
5 60
4 24
3 30
4 52
3 60
4 60
1 6
3 51
5 55
4 68
5 100
4 72
5 30
3 45
1 18
2 12
5 55
3 42
3 33
2 22
5 30
5 70
2 40
3 45
3 45
5 90
4 68
3 39
2 10
4 72
1 20
2 14
1 15
4 52
2 22
1 20
3 30
5 85
2 22
5 80
1 9
4 64
2 28
5 30
2 30
5 90
5 60
1 18
5 40
3 33
3 51
4 24
2 32
4 56
3 18
5 60
1 11
5 25
5 45
5 60
2 30
3 21
1 5
5 60
4 48
4 56
3 21
1 20
5 60
1 19
3 15
1 15
1 16
5 85
5 50
5 35
1 7
5 100
2 40
5 30
1 18
5 30
1 15
1 6
4 28
3 27
2 32
2 26
5 85
5 90
2 16
1 18
1 6
2 18
1 7
5 55
3 33
2 14
1 17
3 60
1 9
1 11
2 16
4 80
2 40
5 50
1 10
4 76
3 54
4 80
5 30
1 10
3 45
4 68
2 22
4 56
3 57
4 24
5 80
3 27
4 80
5 35
2 38
2 14
4 56
4 76
5 55
4 48
1 6
2 26
4 52
5 90
1 19
2 28
3 51
1 19
2 34
3 57
3 30
5 50
1 9
4 40
3 27
2 10
5 90
5 60
1 15
1 14
5 85
3 33
1 11
5 90
4 36
3 27
5 90
3 15
2 14
1 16
5 55
3 48
3 42
1 20
4 24
4 64
1 6
3 54
3 33
4 64
2 20
2 36
3 27
3 54
3 21
4 60
3 42
3 48
2 20
3 48
5 60
5 95
5 90
1 5
2 30
4 48
1 12
2 10
1 15
2 40
5 65
2 26
4 56
5 70
4 48
5 50
5 30
1 10
4 32
1 11
4 36
1 11
3 48
1 10
5 70
5 55
1 19
5 40
1 13
3 36
2 20
3 45
4 48
3 36
3 18
3 57
4 68
4 40
1 15
5 100
4 56
2 28
5 60
5 35
5 50
2 22
2 16
2 40
1 11
1 20
3 36
2 30
4 76
4 52
1 12
2 18
1 6
3 48
5 55
2 10
2 26
1 19
2 28
1 19
3 51
4 68
5 90
4 20
4 24
1 20
1 11
3 45
1 13
3 18
5 40
5 30
1 6
3 42
4 60
3 48
5 30
4 76
5 50
3 18
4 52
4 76
3 21
3 54
4 44
3 36
4 48
2 30
3 30
1 19
2 30
2 32
5 30
1 10
2 32
5 25
1 16
1 11
1 6
3 60
2 24
5 65
4 68
4 24
3 48
2 14
2 14
5 85
3 18
3 42
1 16
5 60
3 18
5 85
3 39
4 60
1 11
3 21
3 21
2 40
5 30
1 11
2 32
2 22
4 48
2 14
3 45
4 72
1 9
1 6
3 60
5 45
5 40
2 30
1 16
5 35
5 60
3 54
3 27
1 11
1 17
3 33
5 55
1 18
2 26
2 16
4 80
2 26
3 21
5 65
1 20
5 50
2 30
4 68
2 30
2 28
3 21
2 24
1 19
5 55
1 11
3 30
5 45
3 18
4 68
3 48
5 80
1 8
2 28
3 27
3 36
5 85
5 100
2 36
5 50
3 33
2 32
5 25
1 7
3 18
1 17
3 36
2 34
1 18
4 32
5 30
3 48
3 27
4 56
3 21
5 60
3 54
2 10
4 32
5 30
4 24
1 6
4 32
4 72
1 18
2 24
4 36
2 28
1 7
2 24
5 80
2 24
3 27
5 30
3 18
2 28
3 27
2 20
4 28
3 18
3 27
4 56
3 39
2 32
1 17
5 85
5 55
2 32
2 10
2 14
3 45
5 90
2 30
4 80
3 48
3 39
5 50
2 10
4 60
2 14
1 8
3 33
4 32
1 19
1 18
1 11
5 90
4 44
1 10
3 30
3 33
5 35
5 80
3 36
1 20
3 36
5 30
5 85
4 68
2 16
4 60
3 15
3 48
4 44
3 36
4 28
4 24
3 27
1 12
5 90
2 32
1 11
5 80
4 44
3 15
4 32
1 6
5 90
3 45
3 15
5 40
5 30
3 27
4 20
4 60
4 60
2 40
4 76
4 72
4 32
4 60
3 42
5 50
1 20
4 60
3 57
1 16
2 14
4 24
1 18
4 68
4 72
3 27
3 45
2 34
1 10
3 48
2 30
2 30
4 76
3 33
3 45
2 14
5 75
4 28
3 57
4 36
5 50
2 16
2 30
4 64
5 35
1 14
5 30
5 90
4 64
2 40
5 100
1 18
3 39
3 48
3 18
5 45
4 80
4 72
4 36
5 65
2 10
4 80
2 30
4 44
1 16
4 32
1 18
5 30
5 95
2 40
3 36
3 33
5 95
4 48
1 19
2 12
2 26
2 30
3 60
5 95
3 60
5 40
4 44
4 68
3 18
3 39
3 48
3 48
5 35
1 6
5 90
4 60
1 19
1 18
4 64
4 64
2 18
4 40
4 24
2 22
4 52
4 48
5 65
2 32
4 24
2 34
2 36
1 6
5 60
1 13
4 28
3 54
4 56
5 25
3 18
3 60
2 20
4 36
4 36
5 90
2 22
2 14
1 11
3 27
4 20
5 100
2 36
2 22
1 6
4 44
4 68
1 6
1 18
2 10
2 34
5 80
3 48
3 30
5 85
2 30
3 15
5 90
5 30
4 28
4 20
2 20
4 24
1 19
4 24
5 100
4 40
2 16
5 65
5 55
3 36
3 18
4 44
2 10
2 24
2 16
1 17
1 16
4 40
4 68
3 30
1 6
4 72
5 85
1 12
5 90
4 68
4 68
3 60
3 21
1 6
1 11
4 24
2 26
3 45
1 12
4 44
1 8
1 18
2 16
2 24
3 48
5 45
1 20
2 32
5 95
3 60
1 6
4 36
3 30
3 60
2 12
5 80
1 7
5 45
2 26
2 18
3 51
1 14
5 45
3 60
1 6
3 30
3 60
5 30
4 80
1 8
4 80
1 15
4 56
2 26
1 10
1 19
5 45
1 6
2 22
3 27
5 85
1 16
2 40
2 18
4 24
3 60
2 36
5 60
2 16
1 17
2 34
3 39
2 26
1 18
2 30
4 20
4 68
4 20
3 48
2 12
1 11
3 18
1 11
2 16
3 48
4 80
2 30
2 18
4 68
2 32
1 15
2 40
5 35
1 18
4 48
2 22
5 60
5 50
5 75
3 45
2 32
2 10
3 54
4 56
2 28
2 34
4 44
4 72
4 28
3 30
3 18
4 60
3 48
2 40
2 16
3 57
2 32
4 24
2 34
4 64
5 90
5 55
2 30
4 32
1 9
2 14
3 27
3 39
3 36
3 15
3 36
1 18
5 80
2 34
5 95
1 5
3 60
4 36
4 76
3 21
1 14
4 72
3 27
5 100
4 48
2 40
1 6
1 15
4 36
4 24
5 55
1 12
2 32
5 80
5 85
3 48
1 20
4 24
1 6
4 20
1 19
3 33
3 42
5 50
3 18
5 40
5 55
2 30
2 20
1 6
3 33
1 14
1 19
3 27
4 72
1 8
3 33
3 48
3 21
3 60
4 68
2 20
2 20
2 40
5 45
4 20
3 45
2 14
1 16
5 90
1 17
3 30
4 44
5 65
5 55
2 40
4 72
5 55
5 80
2 40
2 30
4 28
1 11
2 12
4 20
3 48
3 21
3 33
1 11
1 11
3 48
5 65
5 95
1 9
2 40
3 57
3 45
2 12
3 33
1 14
5 45
3 33
5 75
5 40
1 19
4 32
5 60
3 33
5 60
3 18
5 55
3 54
2 36
5 45
5 60
1 13
5 70
2 32
2 32
2 14
4 64
1 5
4 28
3 21
5 85
5 90
1 6
3 36
5 40
1 10
4 44
4 20
4 72
5 80
1 18
5 60
5 35
2 18
4 48
1 19
1 11
4 36
2 28
4 44
3 27
3 51
1 15
5 45
2 28
3 18
2 38
5 40
5 30
1 20
4 76
3 60
3 30
3 27
4 80
2 24
5 95
4 28
5 85
3 42
4 44
2 12
5 100
1 6
4 56
5 90
5 90
4 32
2 26
1 20
5 80
5 35
4 76
4 72
2 18
2 36
5 75
3 27
2 36
2 20
3 18
4 32
1 9
1 8
5 90
4 68
3 51
2 28
3 36
2 18
3 36
5 75
3 45
2 38
3 54
4 64
5 100
2 16
2 40
2 14
5 95
5 90
2 28
4 80
3 27
1 5
5 90
4 28
2 36
4 32
4 40
1 14
3 24
3 45
1 11
5 100
1 19
2 22
3 60
3 15
3 33
2 16
3 15
3 18
1 17
3 57
3 36
4 64
2 26
3 18
4 20
2 26
2 32
5 45
4 56
4 28
1 19
5 70
1 9
3 54
5 30
4 28
2 20
5 60
3 39
2 14
5 65
2 40
1 15
2 10
3 36
5 80
1 20
1 18
2 36
3 33
1 18
3 54
5 95
1 10
2 10
3 45
3 27
4 36
1 9
2 16
1 17
2 24
4 32
3 39
4 40
1 12
3 15
4 28
5 30
4 28
5 45
5 85
5 95
1 16
1 20
1 10
4 56
5 65
1 5
2 30
4 32
5 55
2 26
4 68
1 16
2 32
2 24
1 6
5 100
2 12
1 17
1 6
3 27
2 30
3 45
3 21
1 12
3 15
5 30
2 34
5 95
3 48
2 18
5 100
5 85
1 18
1 12
5 100
4 80
2 14
3 39
2 34
3 57
3 21
3 33
4 52
2 30
1 20
1 11
4 32
5 95
4 80
3 54
4 48
4 56
2 20
2 30
1 11
3 39
1 6
4 44
1 10
3 36
5 35
4 24
1 5
4 48
5 90
3 33
3 30
2 28
4 40
2 24
1 11
2 20
2 18
1 16
4 80
4 68
5 55
2 20
1 18
4 40
4 32
5 30
1 5
4 40
2 10
5 85
2 10
1 6
2 32
3 36
5 90
3 15
3 27
1 10
2 16
1 11
5 65
3 18
3 54
5 30
2 22
5 95
2 34
2 16
1 11
4 28
5 100
3 48
4 32
5 45
5 80
3 30
4 40
4 64
1 19
1 17
4 76
1 6
1 6
2 16
3 30
4 36
1 8
2 30
4 72
1 18
2 18
3 57
1 13
5 90
3 39
4 56
3 30
2 18
5 30
3 54
4 64
1 10
3 60
3 60
2 22
3 42
3 60
3 60
3 21
3 39
1 17
5 30
5 45
1 20
2 24
5 80
2 36
1 8
5 100
4 60
3 30
5 80
3 15
3 39
5 95
4 28
3 54
4 72
3 33
5 80
1 14
2 10
3 18
2 30
3 60
3 60
2 14
3 15
2 30
3 60
4 52
2 10
3 27
4 20
2 26
3 30
2 34
4 44
1 11
2 30
3 45
1 16
4 20
4 20
1 17
4 56
2 14
3 18
1 14
1 11
4 68
3 57
5 95
5 50
1 20
3 45
5 90
4 44
1 10
5 65
2 34
5 90
2 26
3 51
2 34
1 20
2 20
3 33
5 35
5 35
5 45
2 24
4 68
2 30
4 76
3 36
1 18
1 19
5 65
2 22
2 16
3 15
1 10
1 17
5 85
4 32
4 60
2 24
4 24
2 20
2 14
4 56
1 10
1 19
2 30
2 30
5 55
4 28
5 100
3 39
2 12
5 50
4 80
5 30
2 18
1 20
5 90
4 36
4 56
3 33
5 60
3 60
5 100
3 60
5 45
4 24
1 12
4 76
2 10
1 11
5 95
5 25
4 60
2 34
4 48
5 45
5 30
4 68
1 18
2 26
4 80
1 13
5 25
2 28
1 18
5 100
5 50
4 28
2 28
2 30
4 68
1 9
1 18
2 14
4 28
3 51
1 9
4 32
5 35
2 14
4 52
5 30
3 36
1 8
1 9
2 16
4 64
4 36
5 75
5 45
4 20
1 10
3 39
2 32
2 40
2 18
2 30
4 80
1 8
2 32
2 14
1 19
1 17
2 22
5 25
4 72
2 40
5 100
1 5
3 54
4 48
1 12
4 64
5 25
4 68
2 24
2 26
3 42
2 28
1 11
1 7
3 45
2 12
2 12
4 24
3 21
1 6
4 68
5 85
1 11
1 11
5 80
5 95
5 95
3 33
5 65
4 52
3 39
4 48
5 55
4 20
4 32
3 48
4 60
2 18
4 20
1 18
3 27
4 72
1 9
2 18
1 6
1 16
2 34
3 54
2 12
4 72
4 32
2 34
5 55
3 39
2 20
4 36
5 95
5 65
2 28
4 64
4 56
5 25
4 68
2 10
3 39
4 32
4 76
5 80
2 28
2 30
3 36
4 64
4 48
4 60
3 18
4 64
3 36
5 85
3 33
4 44
2 40
3 45
5 45
2 40
5 75
4 68
4 60
2 24
1 8
3 33
2 32
1 14
3 18
5 85
3 33
4 48
5 100
5 70
3 30
3 18
1 16
4 72
1 16
3 27
3 42
1 8
1 20
4 64
2 30
1 11
2 14
5 25
1 19
2 34
4 60
5 90
1 12
1 9
5 60
2 40
2 16
4 28
2 16
3 15
3 18
