720 40 3159 440 11886
0 4
0 6
0 32
1 29
1 31
1 35
2 2
2 5
2 20
2 22
2 26
3 8
3 16
3 36
4 15
4 38
4 41
5 41
6 12
6 15
6 25
6 30
7 9
7 15
7 35
8 15
8 20
8 35
9 9
9 14
9 16
9 19
9 24
9 31
9 34
10 3
10 18
10 40
11 32
11 38
12 0
12 35
12 38
12 39
13 7
13 9
13 10
13 14
13 15
13 29
14 6
14 19
14 31
14 33
14 41
15 14
15 25
15 31
15 32
15 35
16 4
16 19
16 32
17 30
17 39
17 41
18 36
18 39
19 40
20 0
20 1
20 4
20 10
20 11
20 31
20 33
20 36
20 39
21 5
21 11
21 31
21 35
21 36
21 40
22 2
22 15
22 28
22 33
22 34
22 36
22 38
23 4
23 11
23 13
23 29
23 33
23 40
24 30
25 17
25 24
25 29
25 41
26 14
26 15
26 16
26 18
26 33
26 36
26 39
27 14
27 17
27 24
27 27
28 2
28 3
28 7
28 36
28 40
29 3
29 9
29 34
29 40
30 26
30 32
30 37
31 1
31 7
31 10
31 16
31 25
31 36
31 37
32 6
32 10
32 12
32 17
32 24
32 34
33 9
33 19
33 36
35 32
36 5
36 6
36 9
36 15
37 18
37 29
37 33
37 34
37 39
38 13
38 19
40 19
40 21
40 22
40 37
41 9
41 12
41 17
41 22
41 27
42 10
42 15
42 18
42 31
42 34
42 35
43 38
45 4
45 12
45 15
46 3
46 4
46 8
46 29
46 38
46 39
47 29
47 40
48 14
48 29
48 34
50 11
50 20
50 36
50 41
51 28
51 32
51 40
52 14
52 18
52 37
52 41
53 1
53 14
53 23
53 39
54 1
54 2
54 8
54 16
54 20
54 24
54 25
55 14
55 22
55 23
55 25
55 34
55 36
55 41
56 3
56 6
56 18
56 22
56 25
56 37
57 2
57 5
57 12
57 16
57 18
57 36
57 37
58 32
58 38
58 39
59 17
59 21
59 24
59 36
59 40
60 6
60 18
60 26
60 30
61 16
61 18
61 27
61 29
62 7
62 15
62 33
62 34
63 1
64 28
64 32
65 4
65 9
65 19
65 30
65 31
65 36
65 40
66 3
66 10
66 12
66 36
67 15
67 17
67 19
67 32
67 33
67 34
68 7
68 8
68 9
68 13
68 14
68 17
68 18
68 21
68 27
68 35
68 40
69 14
69 15
70 1
70 10
70 17
70 19
70 32
71 0
71 26
71 31
72 5
72 16
72 21
72 23
73 1
73 23
73 29
73 31
73 32
74 24
74 39
75 8
75 10
75 11
75 14
75 17
75 22
75 37
75 38
75 40
76 0
76 7
76 8
76 24
76 25
76 30
77 5
77 8
77 10
77 40
78 3
78 13
78 19
78 27
78 34
78 35
79 16
79 18
79 20
79 28
79 35
80 1
80 13
80 30
80 33
80 35
80 36
80 39
81 11
81 15
81 27
81 29
81 30
82 5
82 6
82 15
82 20
82 35
83 5
83 11
83 27
83 35
84 16
84 21
84 32
84 35
84 41
85 9
85 11
85 12
85 13
85 24
85 30
85 38
86 13
86 16
87 21
88 5
88 23
88 35
88 36
89 5
89 15
89 16
89 26
89 35
90 37
91 1
91 9
91 10
91 12
91 19
91 24
91 34
91 39
92 2
92 11
92 16
92 23
92 30
92 31
93 29
94 1
94 5
94 12
94 14
94 27
94 32
94 36
94 38
95 4
95 7
95 14
95 17
95 19
95 27
95 30
95 38
95 41
97 20
97 21
97 29
97 40
99 1
99 7
99 22
99 25
99 36
100 13
100 14
100 20
100 30
100 32
100 39
101 8
101 11
101 18
101 20
101 28
102 5
102 7
102 10
102 22
104 7
104 29
104 31
104 39
105 3
105 4
105 6
105 7
105 8
105 27
105 38
106 6
106 10
106 12
106 22
106 24
106 27
106 32
106 39
107 6
107 13
107 27
107 36
107 37
107 39
108 1
108 8
108 9
108 13
108 18
108 30
109 13
109 16
109 18
110 0
110 2
110 4
110 13
110 15
110 16
110 17
110 23
110 27
110 39
110 40
111 14
111 22
111 24
111 31
111 40
112 34
113 2
113 23
113 28
113 32
114 16
114 18
114 34
114 35
115 12
115 14
115 21
115 22
115 29
115 37
115 41
116 1
116 6
116 13
116 22
116 39
117 2
117 9
117 18
117 37
118 7
118 33
118 38
119 3
119 9
119 17
119 33
119 40
119 41
120 5
120 12
120 36
121 7
121 18
121 32
121 33
122 19
122 22
122 27
122 28
122 35
122 39
123 0
123 1
123 3
123 8
123 10
123 20
123 24
123 26
123 28
123 30
123 32
124 12
124 14
124 20
124 39
125 11
125 18
125 23
125 30
126 22
126 24
126 37
127 29
127 40
128 12
128 21
128 25
128 32
128 33
128 37
129 6
129 10
129 25
129 28
129 35
129 37
129 40
130 14
130 15
130 18
130 35
130 39
130 41
131 24
131 31
132 8
132 11
132 12
132 19
132 20
132 25
132 31
132 32
132 38
133 2
133 11
133 13
133 18
133 23
133 33
133 40
134 0
134 3
134 19
135 35
136 35
136 40
137 2
137 26
137 36
137 38
138 10
138 31
138 36
139 1
139 26
140 7
140 9
140 18
140 27
140 28
140 34
141 3
141 12
141 21
141 26
142 25
142 27
142 28
143 15
143 20
144 34
144 38
145 23
145 26
145 27
145 35
145 39
146 3
146 17
146 23
146 34
147 7
147 14
147 17
147 28
147 33
148 0
148 7
148 15
148 20
148 22
148 25
148 26
148 27
148 30
149 6
149 8
149 13
149 15
149 18
149 21
149 28
149 33
150 4
150 17
150 23
150 28
150 31
151 11
151 36
151 41
152 8
152 14
152 23
152 29
153 12
153 23
153 27
153 29
153 30
154 23
154 24
154 29
155 24
155 39
157 2
157 4
157 12
157 16
157 23
157 36
158 21
158 23
158 41
159 1
159 5
159 20
159 29
159 30
160 29
160 30
160 32
160 36
160 37
160 40
161 4
161 7
161 8
161 22
161 26
161 29
161 30
161 38
161 41
162 0
162 3
162 18
162 27
162 28
162 31
163 10
163 13
163 29
163 30
164 3
164 8
164 17
164 19
164 22
164 25
164 34
165 0
165 6
165 18
165 19
165 21
165 28
165 33
165 36
165 41
167 12
167 29
167 32
168 0
168 4
168 14
168 27
168 33
168 38
168 39
169 23
169 41
170 16
170 22
171 33
171 36
171 41
172 2
172 8
172 11
172 15
172 16
172 22
172 26
172 34
173 5
173 12
173 13
173 25
173 36
174 10
174 24
174 34
175 9
175 20
175 21
176 6
176 7
176 10
176 15
176 22
176 30
176 35
177 0
177 2
177 5
177 8
177 13
177 19
177 23
178 21
178 22
178 23
178 29
178 37
179 1
179 7
179 14
179 26
180 34
181 3
181 35
181 36
181 37
181 41
182 4
182 21
182 31
183 10
183 17
183 23
183 24
183 30
185 28
185 29
185 33
186 25
187 18
187 22
187 27
187 32
188 25
188 30
188 32
188 37
189 1
189 13
189 20
189 30
189 34
190 13
190 23
190 24
190 30
190 37
191 11
191 14
191 19
191 25
191 35
192 2
192 9
192 11
192 31
192 35
192 37
194 3
194 22
194 23
194 24
194 25
194 29
194 41
195 4
195 13
195 18
195 41
196 12
196 18
196 34
196 35
196 36
196 37
197 1
197 3
197 8
197 19
197 31
197 33
197 34
198 4
198 22
198 30
198 36
199 32
200 16
200 19
200 27
200 32
201 4
201 10
201 12
201 31
201 33
202 5
202 22
202 23
202 24
202 27
202 28
202 40
203 23
203 30
203 33
203 35
204 16
204 37
205 14
206 31
206 39
206 41
207 16
207 20
207 22
207 27
207 30
208 32
208 36
208 39
209 36
209 37
210 23
210 25
210 26
211 20
211 23
211 38
212 3
212 4
212 8
212 10
212 14
212 17
212 22
212 29
212 30
212 36
212 38
213 10
214 7
214 8
214 11
214 13
214 16
214 28
214 41
215 8
215 20
215 28
215 31
215 41
216 3
216 9
216 13
216 22
216 26
216 39
217 1
217 7
217 9
217 11
217 16
217 21
217 22
217 23
217 27
217 30
217 34
217 35
217 36
218 8
218 11
218 14
218 19
218 38
218 40
219 9
220 38
222 9
222 23
222 30
222 34
222 35
222 38
223 28
223 31
223 36
223 39
224 40
225 6
225 7
225 10
225 24
225 25
225 31
225 34
226 9
226 24
226 30
227 26
227 27
228 11
228 15
228 20
228 23
228 28
228 36
229 12
229 15
229 17
229 19
229 35
230 17
231 31
231 37
232 17
232 18
232 22
233 24
233 31
234 5
234 11
234 16
234 21
234 28
234 32
234 35
235 4
235 21
235 33
235 35
235 39
236 14
236 15
236 21
236 29
236 36
237 19
237 33
238 0
238 3
238 14
238 27
239 18
239 22
239 23
239 29
239 32
239 33
239 35
240 5
240 18
240 22
240 31
240 35
241 7
241 11
241 17
241 20
241 25
241 35
242 14
242 18
243 25
243 30
244 7
244 8
244 32
246 13
246 21
246 28
246 30
246 35
246 36
246 38
246 39
247 8
247 12
247 34
248 17
248 30
248 34
248 35
249 5
249 12
249 41
250 7
250 14
250 29
251 5
251 22
251 34
252 12
252 20
252 29
253 0
253 2
253 28
253 29
253 31
254 2
254 10
254 19
254 21
254 38
255 13
255 31
255 32
255 38
256 37
257 2
257 18
257 21
257 28
257 31
258 2
258 5
258 7
258 26
258 38
258 41
259 0
259 1
259 3
259 4
259 20
259 21
259 32
259 37
260 12
260 13
260 16
260 23
260 28
260 33
260 36
260 38
261 37
262 3
262 17
262 26
262 30
262 31
262 38
263 5
263 6
263 13
263 14
263 20
263 21
263 25
263 36
264 8
264 24
264 26
264 29
264 31
264 32
264 34
264 38
265 16
265 31
266 1
266 2
266 8
266 12
266 17
266 24
266 37
269 19
269 26
269 28
269 37
270 0
270 5
270 7
270 19
270 20
271 8
271 11
271 18
271 24
271 41
272 4
272 13
272 17
272 21
272 28
272 30
273 2
273 6
273 14
273 15
273 33
273 41
274 21
274 36
274 40
275 10
275 19
275 21
275 23
276 23
276 35
276 36
277 16
277 28
277 30
278 9
278 13
278 15
278 34
278 35
278 40
279 8
279 9
279 10
279 11
279 26
279 40
280 22
280 23
280 24
280 29
280 39
281 32
281 37
282 13
282 14
282 15
282 32
283 30
283 41
284 5
284 9
284 12
284 29
286 16
286 37
286 39
286 40
287 11
287 18
287 34
287 35
287 41
288 16
288 24
288 34
289 5
289 22
289 27
289 28
289 32
290 6
290 7
290 21
290 22
290 38
290 40
291 0
291 2
291 5
291 6
291 12
291 16
291 18
291 21
292 6
292 14
292 15
292 20
292 28
292 29
292 35
292 38
292 40
293 41
294 2
294 5
294 7
296 29
296 32
296 37
297 26
297 27
297 32
297 35
297 40
298 7
298 14
298 16
298 30
298 31
298 39
299 11
299 29
299 31
300 1
300 8
300 14
300 15
300 20
300 31
301 19
301 20
301 26
301 34
301 38
302 24
302 30
302 33
303 2
303 12
303 15
303 23
303 27
303 38
304 5
304 7
304 36
304 37
305 5
305 20
305 28
306 29
306 36
306 39
307 5
307 7
307 20
307 27
307 31
309 22
310 6
310 8
310 10
310 27
310 40
311 1
311 2
311 7
311 10
311 37
311 41
312 25
312 30
312 32
312 33
313 3
313 6
313 15
313 22
313 27
313 37
313 39
314 21
314 27
314 41
315 9
315 21
315 26
315 28
315 30
316 6
316 20
316 25
317 19
317 24
317 31
317 38
318 7
318 12
318 23
318 26
318 38
318 39
319 5
319 7
319 8
319 15
319 17
319 22
319 25
319 32
319 41
320 5
320 14
320 17
320 24
321 10
321 26
321 28
321 32
321 39
322 18
322 19
322 23
322 29
322 37
323 10
323 16
323 20
323 39
324 0
324 13
324 19
325 14
325 16
325 25
325 35
325 39
325 40
327 6
327 9
327 31
327 39
328 10
328 19
328 24
328 27
328 40
329 10
329 13
329 15
329 16
329 22
329 28
329 39
329 40
330 10
330 14
330 34
330 38
331 1
331 5
331 22
331 38
333 14
333 20
333 27
333 28
334 8
334 16
334 20
334 25
334 31
334 35
335 0
335 21
335 26
335 27
336 6
336 10
336 17
336 32
337 10
337 14
337 16
337 24
337 39
338 4
338 12
338 22
338 27
338 32
339 9
339 10
339 30
339 31
339 37
340 11
340 14
340 16
340 23
340 27
341 21
341 25
342 16
342 18
342 28
342 31
342 34
342 35
342 40
343 8
343 9
343 12
343 13
343 17
343 33
343 34
344 4
344 6
344 7
344 13
344 22
344 24
344 31
344 36
344 38
345 1
345 28
346 8
346 14
346 17
346 27
347 8
347 26
347 40
348 5
348 7
348 9
348 22
348 27
348 32
348 40
349 30
349 37
349 39
350 4
350 5
350 33
351 25
351 26
352 7
352 10
352 17
352 19
352 29
352 30
352 38
353 18
354 15
354 27
354 35
355 15
356 9
356 29
356 31
356 34
357 3
357 6
357 8
357 14
357 15
357 25
358 6
358 25
358 26
358 39
359 29
360 1
360 15
360 22
360 27
360 28
361 5
361 11
361 14
361 30
361 39
362 24
362 30
362 33
362 38
362 41
363 16
363 28
363 37
363 38
364 2
364 12
364 14
364 28
364 30
364 34
364 35
364 36
364 41
366 4
366 7
366 11
366 22
366 27
367 11
367 15
367 21
367 27
367 40
368 1
368 17
368 21
368 34
369 2
369 7
369 15
369 31
369 33
370 15
370 19
371 7
371 15
371 22
371 28
371 31
371 41
372 11
372 22
372 29
372 39
372 40
373 3
373 4
373 27
374 13
374 33
375 30
375 37
376 21
376 23
376 34
377 10
377 19
377 25
377 33
377 39
377 40
378 13
378 21
378 22
378 23
378 31
379 3
379 8
379 10
379 18
379 25
379 35
379 37
380 3
380 19
380 24
380 33
380 35
381 10
381 11
381 17
381 21
381 22
382 28
382 29
382 33
382 35
383 3
383 9
383 16
383 20
383 27
383 31
383 33
383 36
383 38
384 4
384 22
384 33
384 39
385 19
385 29
385 32
385 38
385 40
386 2
386 8
386 10
386 33
386 35
386 39
387 12
387 14
387 27
387 30
388 11
388 19
388 35
388 36
388 38
388 40
389 14
389 21
389 27
389 29
389 32
389 35
389 38
390 1
390 6
390 9
390 13
390 22
390 24
390 32
391 0
391 8
391 10
391 18
391 32
391 41
392 17
392 18
392 29
392 32
392 33
393 1
393 8
393 18
393 25
393 29
393 30
393 39
394 0
394 22
394 23
394 25
394 33
394 36
394 40
395 18
395 25
395 29
395 36
396 8
396 26
396 28
396 39
397 2
397 21
397 26
397 27
398 7
398 11
398 19
398 31
399 29
399 37
399 39
400 38
400 39
401 2
401 8
401 13
401 17
401 20
401 27
401 36
402 12
402 23
402 24
402 32
402 36
403 10
403 16
403 32
403 39
404 3
404 5
404 9
404 19
404 35
404 37
405 10
405 14
405 18
405 30
405 31
406 25
406 30
407 3
407 20
407 33
407 34
407 39
408 20
408 28
408 35
409 1
409 6
409 10
409 15
409 20
409 33
409 41
410 10
410 17
410 25
410 38
410 41
411 7
411 10
411 23
411 29
411 34
411 40
412 13
412 22
412 29
412 39
412 40
412 41
413 14
413 29
413 31
414 3
414 10
414 22
414 25
414 27
414 35
415 30
415 35
416 8
416 21
416 26
416 34
416 36
416 37
417 9
417 19
417 26
417 31
418 19
418 27
419 30
419 32
419 39
420 11
420 16
420 20
420 22
420 23
420 29
421 28
421 37
421 40
421 41
422 4
422 20
422 21
422 30
422 38
422 39
423 15
423 21
423 31
423 34
424 13
424 18
424 20
424 28
424 32
424 40
424 41
425 22
425 33
425 41
426 1
426 23
426 25
426 27
426 37
426 39
427 0
427 1
427 2
427 23
427 32
427 35
427 39
428 12
428 17
428 24
428 30
428 33
429 12
429 13
429 17
429 30
429 34
429 41
430 15
430 33
431 6
431 8
431 13
431 17
431 28
431 32
431 39
432 7
432 8
432 10
432 14
432 19
432 33
433 12
433 28
433 40
434 1
434 3
434 10
434 15
435 2
435 3
435 8
435 10
435 13
435 14
435 16
435 21
435 28
436 2
436 7
436 14
436 19
436 34
436 36
437 6
437 8
437 16
437 24
437 28
437 31
438 17
438 24
438 26
438 39
439 2
439 5
439 17
439 21
439 30
439 34
439 40
440 1
440 19
440 23
440 24
440 26
440 36
441 7
441 8
441 12
441 14
441 24
442 31
442 36
442 41
443 1
443 10
443 15
443 17
443 19
444 11
444 28
444 30
444 36
444 38
445 17
445 20
445 21
445 26
445 29
445 34
445 40
446 17
446 18
446 27
446 35
446 38
447 11
447 39
448 8
448 10
448 16
448 19
448 20
448 26
448 30
449 12
449 24
449 41
450 35
450 38
450 40
451 1
451 4
451 6
451 7
451 33
451 34
452 9
452 16
452 21
452 28
452 39
453 7
453 12
453 15
453 17
453 24
453 35
454 5
454 15
454 22
454 25
454 27
454 30
454 32
455 8
456 6
456 12
456 14
456 21
456 27
456 33
458 6
458 15
458 18
458 24
458 32
459 4
459 24
459 35
459 40
460 6
460 25
460 26
460 37
461 10
461 20
461 21
461 24
461 25
461 33
461 36
462 4
462 5
462 10
462 30
462 38
463 7
463 8
463 12
463 39
463 40
464 17
464 29
464 34
465 9
465 13
465 14
465 35
465 40
465 41
466 5
466 22
466 23
466 34
467 16
467 25
467 26
468 7
468 15
468 16
469 3
469 14
469 15
469 22
469 34
470 3
470 9
470 16
470 26
470 37
471 5
471 25
471 29
471 37
472 4
472 5
472 29
472 30
472 36
472 41
473 0
473 2
473 9
473 12
473 17
473 18
473 20
473 31
473 37
473 39
474 32
474 37
475 6
475 9
475 17
475 21
475 27
475 35
476 14
476 15
476 18
476 21
476 38
477 2
477 4
477 8
477 11
477 12
477 18
477 21
477 27
477 36
477 39
477 40
479 2
479 11
479 23
479 24
479 25
479 32
479 36
480 22
480 37
481 4
481 17
481 25
481 39
481 41
482 28
482 38
483 15
483 17
483 21
483 23
483 33
484 1
484 14
484 15
484 16
484 23
484 30
484 31
484 39
485 7
485 14
485 18
485 26
485 40
486 16
486 24
487 14
487 15
487 25
487 26
487 36
488 5
488 18
488 28
488 37
489 3
489 5
489 6
489 17
489 18
489 33
489 35
491 4
491 10
491 25
491 26
491 28
491 40
492 35
492 41
493 0
493 3
493 17
493 35
493 38
494 2
494 4
494 21
494 27
494 29
494 31
495 0
495 1
495 9
495 12
495 16
495 22
495 23
496 37
497 21
497 38
497 41
498 2
498 5
498 11
498 13
498 28
498 34
499 32
499 36
500 6
500 8
500 11
500 14
500 21
500 30
500 32
500 38
500 40
501 1
501 6
501 11
501 31
501 38
502 12
502 15
502 20
502 27
502 29
502 32
502 39
503 27
503 31
503 33
503 37
504 11
504 23
504 36
504 38
505 19
505 33
506 7
506 9
506 13
506 18
506 21
506 26
506 32
507 18
507 24
507 35
507 36
507 37
507 38
508 33
508 39
508 40
509 12
509 21
510 9
510 35
511 3
511 5
511 14
511 17
511 20
511 23
511 28
511 39
513 2
513 16
513 24
513 34
514 6
514 10
514 26
514 28
514 35
514 36
515 11
515 13
515 21
515 25
515 31
515 32
516 15
516 17
516 19
516 28
517 12
517 16
517 30
517 35
518 23
519 5
519 14
519 15
519 16
519 22
519 24
519 35
521 9
521 12
521 14
521 21
521 22
521 27
522 1
522 9
522 18
522 26
522 27
522 37
522 40
523 8
523 9
523 11
523 19
523 28
523 29
523 36
524 2
524 24
524 30
524 36
524 41
526 21
526 25
526 26
527 6
527 38
528 23
529 5
529 18
529 20
529 26
529 29
529 32
529 33
529 34
530 4
530 16
530 21
530 27
530 33
530 34
530 39
531 28
531 29
531 35
534 12
534 14
534 27
535 3
535 7
535 19
535 23
535 36
535 37
536 6
536 16
536 23
536 26
536 27
536 28
536 32
537 8
537 11
537 15
537 17
537 21
537 33
539 11
539 13
539 17
539 18
539 20
539 29
539 34
539 40
540 23
540 41
541 2
541 5
541 8
541 11
541 14
541 26
541 34
542 4
542 10
542 14
543 1
543 12
543 22
543 35
544 1
544 5
544 15
544 18
544 25
544 29
545 19
545 25
545 28
545 31
547 27
547 32
547 33
548 0
548 1
548 32
548 37
549 0
549 8
549 9
549 12
549 13
549 29
549 34
549 38
550 29
550 30
551 4
551 18
551 39
552 23
552 29
552 36
553 0
553 6
553 11
553 13
553 14
553 15
553 16
553 23
553 24
553 27
553 36
553 41
554 4
554 16
554 20
555 3
555 6
555 10
555 19
555 35
555 38
556 0
556 12
556 19
556 34
556 38
557 1
557 2
557 7
557 9
557 18
557 25
558 2
558 12
558 13
558 16
558 21
558 25
558 27
558 32
558 35
558 40
559 2
559 3
559 13
559 23
559 27
560 0
560 1
560 5
560 9
560 13
560 31
560 33
560 35
560 36
561 15
561 20
561 29
561 33
561 41
562 4
562 13
562 35
562 38
562 41
563 20
563 35
563 36
563 40
564 7
564 10
564 13
564 14
564 18
564 40
565 3
565 12
565 17
565 22
565 23
565 25
565 27
565 34
565 36
565 37
566 12
566 14
566 20
566 22
566 25
568 10
568 21
568 28
568 36
569 9
569 18
569 24
569 32
569 35
569 36
570 29
570 37
570 41
571 34
571 37
571 39
571 40
572 12
572 22
572 31
572 35
573 21
573 25
573 34
573 36
574 9
574 11
574 16
574 18
574 19
574 23
574 28
574 41
575 3
575 8
575 20
575 23
575 33
576 6
576 12
576 19
576 24
576 28
576 29
576 34
576 40
578 2
578 3
578 11
578 19
578 31
578 35
578 37
578 39
579 25
579 30
579 33
579 37
580 0
580 5
580 17
580 18
580 27
580 34
581 23
581 25
582 13
582 16
582 35
583 22
583 31
583 34
584 17
584 27
584 33
585 0
585 6
585 7
585 8
585 9
585 20
585 32
587 5
587 14
587 24
587 38
588 2
588 11
588 28
588 32
588 40
589 4
589 18
589 26
589 27
589 31
589 37
589 39
590 31
590 36
591 17
592 20
592 36
592 41
594 41
595 3
595 15
595 27
596 3
596 5
596 7
596 23
597 0
597 10
597 20
597 39
598 18
598 27
598 30
598 40
599 20
599 31
600 8
601 1
601 11
601 20
601 25
601 28
601 36
602 5
602 7
602 10
602 22
602 24
602 26
602 29
602 31
602 34
602 35
602 40
602 41
603 1
603 2
603 13
603 32
603 40
605 0
605 7
605 11
605 15
605 29
605 32
606 3
606 7
606 16
606 26
606 27
606 29
606 33
606 34
606 38
606 40
607 3
607 5
607 13
607 21
607 29
608 7
608 14
608 18
608 26
608 31
609 13
609 25
609 36
609 39
612 21
612 23
612 26
612 27
612 30
612 32
612 33
612 35
612 36
613 19
613 27
613 29
613 32
613 34
613 37
614 2
614 4
614 6
614 12
614 16
614 34
614 37
615 4
615 6
615 17
615 32
615 40
616 27
616 32
617 31
618 6
618 12
618 17
619 6
619 12
619 28
620 0
620 5
620 8
620 9
620 20
620 30
620 33
620 41
621 31
621 33
622 15
622 17
622 19
622 23
622 33
622 36
622 40
623 16
623 21
623 24
624 3
624 14
625 15
625 21
625 23
625 25
625 36
626 18
626 26
626 28
627 15
627 16
627 22
627 23
627 26
627 29
628 6
628 13
628 16
628 27
628 31
628 33
628 34
628 38
629 15
629 22
629 27
629 38
630 8
630 20
630 27
630 32
631 1
631 3
631 12
633 3
633 14
633 25
633 28
633 32
633 38
633 39
635 24
635 26
635 27
635 30
636 12
636 13
636 18
636 20
636 29
636 35
637 18
637 25
637 39
638 0
638 2
638 7
638 15
638 17
638 21
638 29
638 41
639 39
639 41
640 8
640 10
640 13
640 14
640 29
640 30
641 1
641 2
641 25
641 28
641 30
641 39
641 41
642 2
642 3
642 15
642 16
642 18
642 19
642 23
642 25
642 28
642 33
642 36
642 41
643 5
643 19
643 24
643 28
643 31
643 32
644 21
644 23
644 27
644 33
644 34
645 12
645 27
645 29
646 2
646 9
646 15
646 20
646 22
646 39
647 6
647 18
647 24
647 41
648 16
648 23
648 36
648 37
649 4
649 7
649 14
649 37
650 17
650 30
651 6
651 24
651 27
652 12
652 23
652 36
652 37
653 5
653 19
653 26
653 30
655 8
655 10
655 19
655 21
655 22
656 10
656 18
656 28
656 37
656 41
657 4
657 5
657 9
657 12
657 16
657 17
657 18
657 28
657 38
657 41
658 9
658 12
658 36
658 37
659 8
659 14
659 30
660 7
660 10
660 16
660 19
660 23
660 37
661 18
661 30
661 33
661 36
662 31
662 36
663 13
663 18
663 32
663 36
664 2
664 9
664 10
665 1
665 3
665 4
665 24
665 33
666 8
666 9
666 12
666 14
666 26
666 35
666 36
666 40
667 11
667 12
667 16
667 25
667 26
667 30
667 34
668 2
668 5
668 7
668 9
668 12
668 17
668 20
668 34
668 39
669 5
669 15
669 21
669 38
670 14
670 15
670 25
671 4
671 7
671 25
671 30
671 35
671 37
672 12
672 13
672 25
672 32
672 34
672 39
673 3
673 6
673 17
673 18
673 27
673 39
674 16
674 18
674 28
674 30
674 37
675 11
675 28
675 31
675 36
675 37
675 39
676 7
676 11
676 31
676 33
676 36
676 40
677 17
677 40
678 1
678 2
678 4
678 8
678 12
678 21
678 34
679 12
679 13
679 18
680 21
680 26
680 28
681 30
681 32
681 35
681 37
682 3
682 8
682 17
683 15
683 24
683 30
683 31
684 8
684 17
684 29
684 41
685 10
685 14
685 31
685 35
686 14
686 20
686 21
686 28
686 37
687 11
687 20
687 24
687 35
687 41
688 20
688 36
688 41
689 7
689 14
689 16
689 23
689 37
690 8
690 19
690 24
690 25
690 31
691 27
691 30
693 10
693 12
693 13
693 17
693 23
693 27
693 28
693 39
694 10
694 14
694 17
694 40
695 21
695 28
695 35
695 38
696 23
696 29
696 30
696 33
696 40
696 41
697 16
697 28
698 2
698 8
698 19
698 20
698 27
698 28
698 33
698 35
699 27
699 30
699 40
700 5
700 19
700 24
701 34
702 21
702 22
702 29
702 37
702 39
703 22
703 30
703 36
703 37
704 11
704 31
704 32
705 28
705 31
705 37
706 5
706 7
706 16
706 19
706 20
707 15
707 25
707 33
707 34
707 37
708 8
708 9
708 18
708 23
709 3
709 16
709 22
709 38
710 20
710 22
710 24
711 9
711 15
711 17
711 28
711 37
712 3
712 8
712 13
712 20
712 25
712 36
713 2
713 26
713 35
713 38
714 2
714 7
714 10
714 11
714 12
715 39
716 2
716 4
716 7
716 13
716 21
716 26
716 40
717 18
717 20
717 35
718 31
718 32
719 2
719 7
719 27
5 55
4 64
5 65
1 15
2 14
4 36
4 80
4 60
3 39
3 27
2 34
4 48
3 33
2 36
1 20
4 44
5 30
2 24
5 75
3 18
3 42
5 30
2 24
5 25
3 27
1 19
4 52
5 65
4 36
5 55
1 7
1 5
4 60
5 85
2 30
3 15
2 32
5 60
3 36
5 65
3 48
1 12
4 48
2 16
4 72
3 18
1 11
4 28
1 6
3 18
5 100
1 6
2 30
4 52
5 65
2 32
1 12
5 55
4 60
2 10
1 18
1 20
3 48
1 9
1 18
3 33
4 48
4 36
5 25
2 34
1 8
2 28
2 16
2 14
1 11
3 33
5 95
4 80
2 10
4 60
2 16
4 36
4 68
5 25
5 90
2 28
4 68
1 9
5 75
3 54
2 30
2 34
5 95
3 60
3 48
5 70
5 30
4 44
3 51
1 19
4 80
5 60
5 100
3 45
2 36
2 10
4 64
4 60
2 34
1 10
4 44
2 40
4 52
1 14
5 80
3 33
4 60
5 95
3 51
5 55
2 16
5 50
4 64
3 60
4 60
5 45
5 90
5 90
5 80
2 18
5 85
5 65
5 55
2 10
5 55
3 48
3 27
5 50
5 25
5 90
2 20
1 10
3 27
5 85
2 30
5 95
2 26
1 11
3 42
1 19
4 60
1 9
4 24
3 30
1 11
2 24
4 20
5 95
1 12
1 6
5 50
1 12
5 65
5 30
4 68
1 18
4 28
2 40
3 45
3 27
4 24
1 8
5 45
1 18
1 8
3 21
2 24
3 30
2 10
5 50
2 14
1 11
2 32
1 17
3 21
3 51
5 45
3 39
4 68
3 54
3 45
1 14
4 60
3 15
2 20
4 44
3 57
4 48
1 6
3 15
2 18
3 36
4 56
3 33
1 6
1 8
2 26
1 11
4 60
2 30
5 40
3 45
1 13
2 16
1 5
4 64
5 40
4 48
5 90
1 16
4 60
4 68
2 26
3 45
2 30
5 90
1 8
2 32
4 72
4 48
5 45
3 39
4 48
3 60
5 100
5 35
4 48
3 18
1 13
2 32
4 60
4 60
3 45
4 48
1 20
2 16
2 34
3 36
1 6
2 20
2 34
5 90
5 35
2 16
4 76
1 13
2 38
5 30
3 15
4 44
3 18
2 16
1 5
4 72
4 72
3 18
4 76
4 28
2 26
4 24
4 60
5 45
5 75
2 34
2 30
2 10
2 16
5 55
2 10
3 21
1 7
1 18
3 60
1 12
4 24
2 30
2 40
1 19
5 55
5 30
2 10
3 33
5 30
2 40
4 24
1 19
5 95
4 60
5 25
5 90
1 7
1 7
3 51
4 76
2 40
1 19
3 27
5 45
3 54
4 28
1 16
3 45
1 11
3 27
3 60
5 100
3 45
2 32
2 32
2 36
2 30
1 11
1 19
1 14
3 48
3 33
2 24
3 54
5 90
4 60
5 35
3 45
1 12
3 21
4 32
3 33
3 45
2 10
3 60
2 14
3 36
4 28
5 90
5 45
4 72
3 21
2 12
1 5
1 12
1 11
2 26
5 55
4 60
4 32
3 18
2 34
1 7
2 10
4 60
4 24
4 60
5 90
4 32
2 40
1 11
3 15
1 14
3 60
4 80
3 45
1 16
5 70
2 22
4 56
3 27
3 54
5 25
3 45
1 18
2 22
1 19
5 100
2 28
4 32
4 68
3 15
2 22
4 80
2 40
3 33
5 95
3 45
3 57
4 72
4 68
2 34
5 30
3 18
5 30
5 30
3 51
1 19
3 36
1 14
1 8
4 76
1 19
5 90
4 24
5 25
1 11
5 30
2 40
3 45
2 24
3 54
2 40
4 32
4 40
5 95
3 15
4 52
2 30
2 32
1 8
2 14
2 30
3 42
3 15
2 34
1 12
3 18
1 13
4 68
2 16
3 21
2 30
5 65
4 76
1 12
3 30
4 64
5 50
3 39
4 64
4 60
2 20
5 100
2 36
2 30
3 45
4 56
4 64
3 33
1 11
5 30
5 95
1 6
2 24
2 24
5 65
1 13
2 32
3 60
2 32
3 48
1 10
3 27
5 90
5 75
1 18
2 36
2 14
4 72
1 19
2 10
5 45
5 100
4 24
5 90
3 60
2 26
5 100
1 7
3 60
2 24
1 8
3 60
3 15
1 20
2 12
1 10
3 51
1 11
3 42
5 45
5 45
3 60
5 95
1 11
3 60
1 18
1 12
5 30
4 48
2 14
2 34
3 60
4 48
1 6
2 40
3 27
2 34
3 60
5 30
4 48
2 24
2 22
4 56
3 27
2 16
3 15
2 14
3 45
4 48
5 75
4 28
3 48
3 15
3 33
4 44
1 17
2 22
1 17
4 40
2 26
1 10
2 14
5 95
4 60
4 80
2 30
3 15
4 64
5 85
3 45
3 60
1 18
3 18
5 40
3 54
3 33
2 14
1 12
3 57
1 17
5 55
1 18
1 19
3 45
2 18
5 95
1 20
5 95
3 18
5 100
3 48
3 27
4 60
4 20
2 28
5 60
1 19
5 50
1 13
1 10
3 18
5 95
2 40
1 18
1 15
2 22
3 30
3 45
5 45
3 39
2 28
4 44
4 68
5 95
2 20
1 11
3 15
2 10
1 20
1 6
1 6
4 32
4 32
1 9
1 18
1 12
2 12
1 6
1 14
4 36
2 14
1 12
5 85
4 52
1 5
3 33
1 6
1 11
1 9
4 36
5 65
4 32
2 28
3 57
5 50
3 45
3 48
5 65
5 85
4 60
1 20
4 20
5 100
2 30
4 40
3 36
4 72
4 68
4 56
2 28
2 28
1 8
2 28
3 45
1 5
3 30
4 68
4 28
2 34
3 36
2 16
2 26
5 30
4 36
4 60
5 30
4 64
4 28
4 64
3 18
1 12
4 32
2 32
4 28
1 18
2 26
1 8
5 35
2 18
4 48
2 34
4 48
3 48
3 21
2 40
1 11
4 60
3 45
5 85
1 8
5 100
2 30
3 48
5 100
4 48
1 17
5 90
3 54
1 6
2 10
2 26
1 18
5 40
1 10
5 100
5 80
4 68
4 40
2 40
5 45
4 32
2 10
1 8
5 90
5 100
5 95
3 36
1 16
5 80
5 90
2 26
5 55
3 18
4 36
3 51
5 75
2 30
5 65
1 20
1 12
3 27
5 85
3 18
3 48
1 18
1 12
4 68
1 12
5 65
1 18
2 24
5 65
2 24
4 64
5 90
3 39
2 32
5 55
3 33
3 60
4 64
4 72
2 28
4 32
2 10
2 12
5 90
5 40
5 65
4 56
1 6
3 57
3 45
3 21
2 20
5 60
3 15
3 21
5 100
2 24
5 75
3 33
1 6
4 52
1 19
3 27
2 26
4 28
5 45
5 75
2 28
2 10
2 28
1 17
3 39
1 19
4 36
1 13
4 68
1 6
5 45
2 16
5 80
3 45
1 11
1 17
5 45
1 10
2 28
2 28
5 50
3 48
1 10
4 40
5 65
5 90
5 25
3 45
2 18
1 6
1 11
3 18
3 30
4 28
1 10
2 30
2 24
1 16
2 10
4 32
3 36
2 20
4 20
4 80
4 32
1 12
5 80
4 44
3 39
4 44
4 32
5 90
2 20
5 95
5 60
4 68
4 52
2 10
4 20
5 45
3 18
4 36
3 30
1 12
2 20
1 19
5 30
2 40
2 20
2 22
1 18
3 54
4 28
4 48
2 16
2 40
2 30
2 32
5 30
3 30
5 60
4 80
3 54
4 68
4 32
4 60
2 40
1 6
3 36
3 39
1 6
5 55
4 64
4 56
4 44
4 44
4 64
3 36
3 48
2 40
3 27
5 35
1 13
1 18
2 32
1 12
4 64
4 72
2 10
3 30
3 36
2 22
4 28
5 60
4 72
1 18
2 38
4 56
4 48
3 39
1 14
1 19
1 13
2 22
4 52
3 48
5 100
1 10
2 12
2 34
4 20
3 33
3 60
2 20
4 44
5 45
3 27
3 60
5 45
1 14
3 27
3 33
2 32
2 22
5 85
3 57
5 40
2 32
3 48
5 70
3 30
2 40
3 30
1 18
5 95
5 100
5 65
2 28
5 75
1 13
5 100
4 44
1 20
1 6
1 5
5 85
2 10
2 20
2 40
2 18
5 50
2 18
4 24
4 60
3 21
5 90
5 45
5 55
3 39
3 45
4 80
1 11
5 85
1 9
5 60
4 28
2 24
2 10
3 21
2 14
3 21
4 68
3 48
5 90
1 13
2 28
5 50
1 12
4 36
4 28
2 24
1 20
2 32
1 13
1 18
4 20
3 48
5 75
5 30
3 21
2 14
3 18
2 26
4 24
5 90
1 19
4 60
2 38
4 72
4 48
5 40
3 18
5 25
2 26
2 10
1 7
2 32
3 60
4 52
1 18
5 65
5 85
5 80
3 33
5 100
2 14
3 48
5 90
2 16
5 80
2 14
3 36
5 50
1 20
2 30
4 48
4 24
1 15
2 26
2 20
2 34
2 30
3 27
5 60
3 60
2 30
4 72
4 56
4 80
4 76
4 28
4 32
1 20
4 48
3 27
4 44
1 16
3 60
3 21
4 40
3 33
5 45
2 34
1 18
2 20
5 70
3 42
3 60
3 27
5 55
4 72
2 16
2 28
1 10
3 27
5 30
3 18
3 27
1 18
2 28
3 15
1 12
3 45
1 14
3 60
2 40
3 54
2 14
4 24
4 60
1 5
3 39
2 10
1 7
5 70
1 6
4 60
4 76
2 30
4 28
2 22
5 90
1 9
5 55
2 12
5 90
2 24
4 68
1 11
1 6
4 80
3 15
3 33
1 18
3 21
5 30
1 8
3 15
2 34
2 12
5 95
2 32
3 48
1 6
2 28
2 10
1 19
2 18
4 40
5 75
5 45
3 36
3 27
2 32
2 32
1 20
5 40
5 85
1 19
3 36
4 32
5 90
2 24
3 45
3 18
3 18
1 11
3 18
5 45
3 27
4 28
3 33
2 16
2 28
4 32
3 60
2 24
3 39
3 60
5 90
3 60
4 56
2 32
3 60
2 20
5 65
2 20
4 72
4 48
1 9
4 44
4 36
3 15
4 56
2 16
3 45
5 95
1 16
2 28
2 38
4 68
4 48
1 19
3 45
1 11
3 36
5 80
2 22
1 12
2 34
4 32
4 60
4 60
5 85
2 20
5 75
5 75
4 48
2 24
4 24
2 30
3 54
3 33
1 14
3 60
4 60
5 60
2 28
5 90
1 14
4 56
1 18
1 15
2 32
4 24
5 65
4 80
2 36
5 50
1 11
4 44
3 42
1 10
5 60
3 60
3 18
3 27
4 20
4 24
5 30
5 45
2 28
2 30
2 26
4 48
1 9
2 40
4 56
4 64
2 14
3 27
1 13
4 24
1 8
4 36
1 11
4 60
2 32
4 28
3 24
3 36
5 35
2 36
5 75
3 48
1 15
4 28
3 15
3 60
3 36
1 17
4 64
4 28
3 54
5 45
3 60
3 33
5 80
5 85
4 72
4 32
5 90
4 48
4 60
4 68
4 24
5 25
2 34
3 45
4 60
5 60
2 40
5 30
2 36
2 10
1 13
4 36
1 18
5 70
4 32
3 30
5 90
2 32
5 75
1 12
4 32
1 11
3 36
4 32
4 72
3 33
4 36
1 7
5 80
3 33
2 22
4 44
5 90
2 10
3 18
2 30
1 11
1 12
3 27
1 10
2 26
2 32
4 52
4 68
1 11
1 19
1 18
4 60
4 60
3 54
5 30
2 24
3 27
4 40
1 14
4 48
2 10
2 24
3 18
3 24
3 51
3 36
2 14
1 20
3 21
2 20
1 6
1 19
3 48
2 24
5 90
4 28
5 45
2 14
2 14
5 30
4 76
3 21
4 48
1 16
3 60
4 28
2 30
2 24
2 12
2 40
5 40
3 54
1 12
5 90
4 44
1 11
1 16
2 14
2 34
5 45
2 10
2 28
5 45
4 68
3 33
3 54
4 32
5 85
4 76
5 75
1 9
1 11
1 8
3 48
2 34
2 32
4 80
4 80
4 48
4 60
5 80
5 95
4 56
3 15
2 20
4 32
1 15
3 24
5 95
5 40
1 13
5 65
4 28
2 14
4 24
5 45
4 64
2 26
3 18
3 18
4 44
5 30
4 32
3 60
5 100
2 26
3 51
2 32
4 76
4 60
2 22
4 24
5 35
3 60
1 14
5 50
4 64
1 6
4 56
5 50
3 18
4 72
1 16
1 16
4 72
4 20
2 40
3 33
3 27
5 95
3 18
4 32
3 33
5 25
2 30
2 26
3 33
5 90
4 20
2 10
2 26
3 30
1 11
4 60
4 64
5 80
4 68
5 70
1 16
5 100
4 28
2 30
1 20
4 76
4 76
2 24
4 28
5 75
4 60
2 10
1 17
1 12
5 50
3 51
2 28
3 36
1 6
3 57
5 30
5 95
1 16
1 11
5 60
1 20
4 28
5 90
1 15
5 90
3 54
1 20
2 14
5 100
1 12
3 45
1 18
4 52
4 20
5 30
5 25
3 45
2 18
1 19
1 6
3 15
4 44
2 28
2 28
5 80
3 18
5 60
3 18
1 20
4 64
5 90
3 27
4 28
5 50
3 27
4 20
1 16
3 30
4 48
4 48
2 28
4 28
2 16
1 12
1 18
2 16
5 85
5 95
5 50
4 36
3 39
2 34
5 95
3 48
5 80
5 80
5 35
1 18
5 70
5 30
5 45
5 55
4 40
2 28
2 30
2 36
1 20
5 30
4 52
4 52
1 13
2 16
5 60
3 21
1 17
4 48
1 16
1 11
2 10
5 75
1 18
2 32
3 36
4 68
5 25
3 60
4 28
5 50
5 95
5 80
5 40
4 60
5 80
4 40
1 11
2 40
2 36
1 10
2 40
2 30
5 45
4 68
1 11
1 9
5 45
1 18
4 64
2 20
4 76
4 24
3 51
4 24
4 32
4 48
3 48
1 18
1 18
3 36
2 24
4 24
1 10
2 26
2 20
1 11
4 68
3 39
1 18
4 72
5 70
4 64
4 32
3 45
3 18
1 17
4 40
5 65
4 68
4 44
3 21
2 10
4 32
5 65
3 60
2 32
3 48
3 57
2 26
3 48
4 36
1 9
4 20
1 9
5 30
1 15
1 14
4 60
1 11
3 36
3 30
1 16
2 40
2 32
3 48
1 14
1 9
2 34
2 16
2 32
3 21
4 32
5 90
4 36
2 30
3 42
2 32
3 24
1 10
1 15
3 45
2 36
5 35
1 10
5 45
3 39
1 20
4 68
2 12
3 45
5 45
3 27
1 8
3 27
5 45
3 21
3 60
4 36
3 18
4 44
3 54
5 70
4 44
5 65
2 34
4 80
4 28
1 7
2 26
5 90
5 80
1 5
5 50
5 50
4 52
3 39
5 30
5 25
4 32
5 80
1 16
3 27
1 6
1 15
4 24
5 75
5 55
3 15
4 68
4 76
3 21
2 22
1 5
2 34
5 45
5 90
4 32
3 39
5 75
4 68
3 54
2 18
3 21
4 36
2 24
5 35
3 42
5 80
1 8
3 51
2 16
1 6
3 60
2 30
3 57
5 60
2 32
3 48
2 36
1 12
4 64
1 16
3 48
3 48
1 6
2 10
1 11
3 21
5 40
2 30
1 16
5 45
3 48
2 14
3 36
5 65
2 22
5 40
5 100
1 17
1 12
4 24
5 35
1 15
5 65
4 20
5 30
3 39
4 56
1 11
5 90
4 60
1 16
3 42
1 11
5 80
2 26
4 28
4 60
5 70
4 24
5 100
2 10
5 35
3 18
2 16
5 65
5 60
3 45
3 48
4 60
5 65
4 64
2 18
5 50
2 32
4 68
3 60
3 24
5 35
5 90
3 33
4 28
2 28
1 11
1 16
3 18
3 57
5 60
2 20
4 76
1 6
1 19
4 28
4 60
3 48
4 36
1 20
3 27
3 60
2 26
3 21
5 90
5 25
4 40
2 32
2 14
3 48
1 16
1 10
5 45
1 6
5 75
3 21
4 68
4 64
2 40
4 64
3 33
1 16
3 48
3 45
1 19
1 5
4 80
1 20
2 40
4 56
3 33
2 20
4 80
3 60
5 65
5 45
1 8
5 95
4 48
1 14
4 24
5 100
2 28
1 5
3 33
3 18
5 85
5 40
3 42
4 80
4 80
1 8
2 34
3 39
2 30
2 30
3 18
1 5
2 32
5 90
5 50
2 12
3 21
5 85
2 30
1 19
4 72
4 72
5 30
2 28
5 70
2 32
3 27
3 15
1 20
1 6
1 20
4 64
3 45
2 10
1 18
5 35
4 24
5 55
3 36
1 17
4 48
4 20
4 40
1 17
4 68
1 18
5 90
3 45
1 13
1 8
4 24
4 44
4 32
5 95
3 15
1 12
1 15
4 36
2 22
1 7
4 28
4 60
1 18
5 25
4 80
4 32
4 24
1 18
3 51
1 15
2 14
2 26
5 80
2 14
5 55
3 36
3 18
4 56
2 10
3 51
3 60
2 22
3 60
3 45
1 9
4 48
5 90
4 40
3 27
3 54
5 55
3 21
2 24
4 52
3 18
5 25
1 11
1 9
5 55
5 55
2 16
4 80
3 48
3 60
1 14
4 52
1 18
1 17
2 28
4 20
1 11
2 28
4 72
1 17
5 30
2 28
4 60
3 42
1 11
4 44
2 32
4 44
2 22
3 48
4 64
3 48
5 40
1 5
4 68
2 40
5 55
4 28
1 6
5 65
5 80
5 75
5 80
5 30
2 18
2 22
2 14
2 28
1 12
4 68
1 20
5 30
3 45
3 27
4 48
5 90
4 60
4 28
4 28
2 10
1 7
2 34
2 32
5 85
1 12
3 30
5 95
1 18
2 30
1 9
2 32
4 28
1 6
4 72
1 17
4 32
1 8
4 68
3 24
3 18
4 56
5 25
3 15
3 36
1 7
1 9
1 10
1 11
5 55
1 9
3 24
4 64
4 36
3 39
5 60
4 56
1 11
4 36
4 24
3 45
1 18
4 56
2 28
2 22
3 48
4 40
5 90
4 40
3 51
1 18
5 80
5 50
5 45
5 40
2 30
4 68
5 55
3 51
1 7
4 52
1 11
3 51
3 21
2 10
5 30
3 33
1 19
3 18
3 45
3 27
2 20
1 9
3 30
5 75
3 27
1 5
4 72
2 14
2 26
2 20
3 36
4 56
1 18
4 36
2 20
5 90
4 68
3 15
3 36
1 13
5 70
2 24
4 60
2 40
1 12
1 19
2 20
1 13
2 30
2 22
2 10
1 8
1 5
5 95
3 36
4 48
2 36
5 90
5 85
5 90
2 40
3 21
1 18
2 30
1 16
2 24
3 48
1 10
5 90
2 14
4 36
4 48
5 80
5 35
3 30
4 72
2 22
4 56
3 60
2 16
1 10
2 40
5 30
2 24
2 36
4 32
1 17
1 19
5 40
1 13
3 45
2 14
5 85
1 9
2 34
3 48
2 38
3 27
2 12
3 21
1 12
1 8
2 16
2 36
1 5
2 30
5 50
4 64
1 10
4 68
1 18
3 15
4 52
4 24
5 60
2 14
3 30
2 40
3 42
5 30
2 18
2 30
2 12
5 75
3 33
2 30
4 72
5 95
5 45
3 36
3 60
4 68
3 18
5 50
4 24
5 90
2 20
2 22
5 90
3 18
5 50
5 55
3 60
5 55
3 39
4 28
1 18
1 6
5 25
3 48
3 36
1 16
5 45
2 26
3 27
2 28
1 7
5 40
4 72
2 14
5 30
3 48
4 24
3 30
4 64
2 32
3 60
2 14
2 12
5 90
1 17
5 100
4 64
3 42
5 30
5 45
4 56
2 40
3 48
1 12
1 8
3 36
4 60
4 68
4 44
1 15
2 12
2 22
2 14
4 64
2 40
4 32
5 85
5 45
1 9
3 27
2 32
1 12
5 25
4 44
1 7
1 18
2 36
3 42
5 45
5 50
2 34
2 28
1 10
4 44
5 65
2 28
1 12
5 75
2 12
2 20
3 36
2 28
1 5
5 70
5 25
3 45
5 45
5 80
2 30
1 6
1 6
4 48
2 30
2 18
4 40
2 16
3 18
5 45
4 56
1 11
3 45
3 18
3 36
2 40
5 80
2 16
5 90
4 72
2 12
3 36
1 20
2 16
2 14
4 48
3 60
3 24
4 52
2 16
1 18
2 22
5 80
1 11
3 42
5 40
5 25
1 8
4 32
5 30
1 12
1 10
5 35
4 28
3 45
1 9
3 36
5 50
4 44
2 32
1 11
4 28
1 16
2 18
2 14
5 30
5 80
1 6
4 68
2 32
1 7
2 30
2 22
3 51
2 10
4 48
1 11
2 34
3 45
4 68
2 16
3 18
4 52
4 68
5 70
2 20
5 35
3 36
2 18
5 55
3 45
4 72
3 33
5 35
4 68
4 32
4 80
5 45
4 36
1 19
4 40
1 20
1 6
4 52
4 60
1 11
4 28
2 30
3 60
2 14
4 52
5 25
3 57
5 75
5 80
1 17
1 20
4 44
3 15
2 24
3 60
2 18
1 16
3 54
2 28
1 10
4 40
3 15
5 40
2 22
5 45
4 60
2 32
1 5
1 11
3 27
4 72
1 19
3 51
5 95
2 34
1 12
2 10
1 8
3 45
4 64
5 75
4 32
2 30
5 80
5 100
2 34
4 40
2 30
2 18
1 11
2 16
1 11
4 56
5 70
5 75
4 60
5 35
4 56
2 22
1 14
3 60
2 14
2 20
5 75
2 32
4 44
3 27
1 11
4 44
2 26
1 8
2 32
2 30
5 60
3 18
1 6
4 60
3 36
1 16
5 30
1 12
3 21
5 100
1 8
5 75
1 19
2 24
3 45
2 30
1 17
4 68
2 38
4 40
3 15
1 11
3 24
2 16
3 45
5 75
1 5
1 18
4 36
4 52
1 11
2 16
3 33
3 39
1 20
2 30
1 18
4 44
5 30
2 36
5 45
2 14
1 14
5 40
1 9
2 14
3 33
2 14
2 12
1 13
2 14
2 24
2 16
4 56
5 40
4 36
1 19
1 10
4 56
1 8
2 16
4 72
4 28
5 40
2 10
5 45
3 36
4 72
4 72
5 70
1 7
3 27
3 33
4 76
3 39
4 68
1 19
2 34
5 50
2 32
5 45
4 72
1 20
1 6
4 68
3 33
1 19
3 24
3 45
1 11
3 45
4 80
4 76
3 60
4 60
1 8
4 60
4 52
4 80
3 36
2 26
3 48
1 11
5 25
4 28
4 80
2 28
1 10
3 36
5 100
2 32
3 60
5 35
2 40
3 30
3 51
2 16
3 33
1 6
3 45
4 52
5 50
5 80
1 10
5 45
5 90
4 68
2 10
3 30
2 14
4 32
1 8
5 50
3 33
4 56
4 76
3 33
1 9
4 24
5 65
2 28
3 45
5 70
3 15
1 7
3 57
1 15
2 30
4 60
4 80
4 24
2 10
1 18
1 18
4 56
5 65
3 27
1 18
4 40
1 9
3 30
4 44
1 19
3 15
5 40
1 15
1 16
2 36
4 32
4 60
4 72
1 19
3 45
3 42
2 18
3 60
5 90
1 5
5 70
1 18
2 28
5 75
2 36
3 21
1 19
3 21
4 80
1 11
5 85
2 28
4 56
4 60
2 12
3 18
4 48
1 11
5 60
5 35
5 90
2 40
2 30
4 44
1 17
1 8
1 8
5 70
5 50
1 18
4 80
5 25
2 26
2 34
5 100
1 20
4 60
3 36
1 13
1 6
2 30
3 27
5 70
3 33
4 32
4 28
3 48
3 42
3 18
2 20
2 40
3 39
2 28
4 24
5 55
4 36
3 48
3 42
2 18
5 50
4 56
2 18
3 27
3 60
2 20
5 60
5 30
5 100
1 17
4 56
2 26
1 5
5 55
2 16
4 28
1 20
1 16
1 6
2 14
5 90
2 28
3 21
2 28
2 12
2 28
1 10
3 42
1 13
5 30
5 50
2 12
1 13
2 18
3 36
5 80
5 70
2 20
3 36
5 90
5 30
1 10
5 45
5 65
2 12
2 16
4 56
1 12
4 28
3 45
5 95
4 60
4 48
1 11
3 57
3 60
1 8
1 16
1 6
5 55
5 70
2 40
5 100
5 90
4 60
3 57
4 80
3 51
5 30
1 19
3 45
3 45
4 60
2 12
2 30
3 60
5 95
4 36
5 30
2 14
1 19
3 30
4 56
3 27
5 65
3 33
3 27
3 27
2 10
3 51
3 39
2 22
2 30
5 90
4 56
5 65
5 60
3 15
2 22
4 68
5 90
4 68
1 12
3 51
4 40
3 18
5 95
1 13
2 32
5 90
3 48
5 95
1 17
1 16
3 36
4 48
1 10
1 8
4 64
3 21
5 50
3 21
5 100
4 48
4 48
1 14
4 56
5 45
3 42
5 50
3 18
1 8
4 24
1 7
4 32
4 20
4 28
3 18
3 42
2 40
3 33
1 8
5 55
1 13
5 55
4 80
1 13
5 60
3 21
3 42
2 10
5 45
1 5
4 56
2 10
4 44
3 18
2 40
2 26
5 70
5 40
3 42
5 80
5 85
4 60
3 30
4 20
3 33
3 54
3 36
4 36
5 90
4 52
4 64
5 85
4 64
2 26
4 44
5 60
5 25
5 95
3 30
1 9
3 54
1 20
4 28
4 60
4 32
4 60
3 54
1 17
2 12
1 17
3 33
5 90
5 70
3 57
3 15
2 30
4 80
5 45
3 39
1 18
1 5
1 20
2 36
5 25
3 33
3 51
4 56
3 60
4 32
3 18
5 45
2 26
3 48
5 100
2 20
4 80
4 56
3 48
1 18
3 60
2 16
3 15
4 24
3 30
3 24
3 45
5 30
2 26
3 45
5 85
5 75
2 30
3 27
5 60
2 18
5 75
3 60
2 30
2 18
3 21
3 45
5 95
4 40
5 90
3 48
2 28
4 32
5 25
5 45
3 27
2 40
2 26
5 90
5 100
2 16
4 44
1 17
4 52
2 34
2 14
1 10
2 30
2 34
4 48
1 11
3 39
5 35
5 100
5 80
2 14
1 8
5 25
2 26
1 18
3 60
2 34
5 55
1 19
5 30
3 45
1 12
5 90
1 7
1 9
3 30
4 68
2 18
5 25
5 95
1 11
4 48
1 7
4 36
3 18
3 18
4 36
5 95
2 24
4 52
3 36
4 44
1 7
2 30
5 90
5 55
1 8
4 40
1 19
5 45
2 16
4 40
2 18
3 42
5 60
3 33
1 8
5 40
3 39
3 60
2 36
5 80
1 6
2 22
2 10
5 30
1 5
5 70
3 39
2 30
4 60
4 60
1 11
5 65
2 32
1 8
5 30
3 48
4 36
3 30
4 60
3 21
2 24
3 39
4 80
4 48
1 8
5 25
4 36
2 34
4 64
5 75
1 8
2 30
3 33
1 13
2 40
3 54
3 27
4 68
5 30
2 22
5 50
3 30
3 51
1 9
3 57
5 30
3 45
1 18
4 72
5 70
1 6
3 33
2 14
1 17
5 90
2 30
4 52
5 45
2 10
4 68
4 64
2 20
1 10
2 22
3 27
3 30
3 60
1 18
1 19
1 6
4 52
2 18
4 68
4 40
5 30
2 30
5 30
4 28
3 18
5 35
2 32
3 45
3 48
1 13
3 60
3 21
5 60
3 33
4 40
1 16
4 44
2 40
3 39
4 68
1 19
3 42
1 8
5 90
3 15
4 60
5 70
4 44
1 11
1 19
5 30
1 19
4 68
2 12
5 60
1 5
4 48
2 40
2 10
3 33
5 90
3 57
1 11
5 90
5 60
2 30
5 50
1 19
2 36
4 24
2 26
4 72
4 40
3 18
2 16
5 100
4 32
2 12
1 7
5 75
3 15
3 48
3 36
4 52
4 28
3 36
5 90
4 24
4 48
4 64
4 60
4 60
2 30
5 100
5 65
4 68
4 28
3 15
3 15
4 40
2 32
4 72
3 39
2 28
4 56
1 14
4 32
1 6
1 16
1 9
4 60
4 24
5 95
3 36
1 19
5 40
4 44
2 26
3 27
2 16
2 36
5 45
3 36
5 45
1 7
3 42
4 28
2 24
1 9
3 27
3 30
2 12
5 65
4 36
5 25
1 13
1 7
2 14
5 80
1 9
1 12
3 54
1 20
1 6
2 28
2 16
1 10
4 68
2 40
2 22
5 80
4 48
4 44
4 52
1 16
5 45
4 20
4 68
4 36
2 14
5 90
5 75
2 14
2 32
4 28
5 80
2 36
5 60
5 90
4 72
2 20
1 13
4 72
5 30
5 100
1 5
1 11
3 21
4 24
3 54
4 56
3 51
5 90
2 22
4 76
4 20
3 54
2 36
1 14
3 39
5 45
3 36
5 50
3 18
4 48
3 36
2 40
5 65
2 22
5 45
2 10
5 60
3 18
5 40
1 16
5 55
4 48
2 26
2 10
3 30
5 55
5 55
3 27
1 17
2 30
2 22
5 75
2 40
3 42
2 16
1 18
3 54
2 34
4 48
2 14
3 39
1 6
4 72
4 20
4 68
1 19
3 45
4 32
1 6
3 18
3 15
4 72
3 15
3 36
2 28
5 95
2 40
1 9
5 40
5 95
4 28
5 80
1 11
4 44
5 80
1 17
2 40
1 16
4 24
1 18
5 85
5 25
2 40
4 32
5 60
5 45
2 36
1 11
2 24
4 48
4 68
3 39
3 45
4 56
3 48
3 60
3 30
3 48
3 33
1 6
2 10
5 75
1 17
1 5
4 24
2 10
4 24
3 45
5 65
5 95
3 48
3 21
4 24
5 30
1 5
3 57
2 14
2 34
1 19
5 35
2 40
5 90
1 6
2 28
3 60
5 95
4 40
3 48
3 51
5 70
3 45
5 95
5 45
2 30
1 5
3 60
3 33
4 56
5 35
3 42
4 80
1 18
4 20
5 60
4 72
3 36
2 16
4 72
4 80
5 85
5 95
5 90
5 25
1 8
1 19
1 18
5 65
4 52
3 57
5 85
1 5
4 28
1 20
5 75
2 34
3 51
3 60
5 85
4 32
5 65
5 25
1 20
1 16
3 36
3 21
2 26
3 48
1 6
2 24
2 16
4 48
5 65
5 75
2 24
5 85
1 18
5 85
3 39
2 14
5 30
2 14
1 11
4 32
1 20
4 64
1 18
1 9
5 65
2 16
1 11
4 68
2 40
5 35
4 48
2 30
3 60
1 12
4 40
5 30
3 45
4 72
2 30
3 60
2 24
3 48
3 15
3 33
2 24
3 48
4 20
5 85
4 20
2 38
1 8
2 30
3 39
5 45
5 75
2 18
5 45
2 18
1 18
4 76
5 70
1 18
4 32
5 85
4 48
3 27
2 18
2 26
4 80
4 28
3 39
4 24
1 18
3 45
2 26
3 30
2 18
1 9
5 80
3 51
2 34
4 40
5 30
3 21
1 8
2 38
3 54
3 39
4 60
3 27
5 50
5 90
4 64
1 20
4 20
4 44
1 16
2 18
5 80
4 32
2 18
1 11
1 18
4 60
1 19
2 30
1 10
3 54
5 70
2 14
5 55
3 15
2 24
1 11
4 76
3 48
5 90
2 34
5 45
5 60
1 8
1 8
3 45
5 30
3 48
5 60
3 27
3 54
1 10
3 48
3 33
4 20
4 72
4 28
5 25
3 54
4 56
2 32
3 33
4 24
3 18
4 60
4 28
3 39
3 33
5 55
1 18
2 16
3 36
2 32
2 28
1 11
2 16
3 39
1 8
2 24
5 85
2 30
2 10
4 68
2 26
2 10
5 90
4 32
4 72
5 45
2 30
3 36
2 32
1 10
4 20
1 19
4 32
1 18
4 68
4 40
3 36
4 32
2 14
4 60
2 20
3 48
5 90
4 48
2 28
4 48
4 72
1 12
2 40
2 12
3 18
1 19
2 26
1 11
1 18
5 75
1 13
3 60
4 44
4 48
1 19
3 48
2 24
3 60
1 17
5 30
3 21
4 24
2 14
3 30
3 21
2 28
3 36
4 24
3 30
3 51
2 30
4 48
1 14
2 24
3 54
2 14
1 12
2 30
3 21
2 10
2 10
1 19
2 12
1 19
5 30
5 45
3 18
3 27
3 33
4 60
1 11
3 27
2 26
2 28
1 8
3 51
5 40
4 60
3 60
2 16
1 11
3 60
3 30
3 18
2 36
3 33
5 90
4 56
2 32
2 40
3 48
2 14
5 50
1 10
3 24
5 90
5 40
3 48
3 18
3 60
3 42
3 30
1 15
4 60
5 30
3 39
4 64
4 80
5 35
5 50
2 14
5 70
5 90
5 90
1 9
1 19
1 13
2 26
1 11
3 51
5 90
3 27
4 68
2 34
4 64
1 8
4 52
3 42
5 40
1 18
3 45
3 18
2 40
2 20
4 24
3 21
2 28
1 9
3 45
5 35
2 28
4 56
1 6
2 34
4 32
4 32
4 80
3 18
4 72
1 18
5 45
2 32
3 51
2 40
4 24
5 80
2 30
4 60
4 80
2 22
1 17
4 64
1 18
3 48
2 24
3 60
3 51
2 40
3 48
4 32
3 39
2 36
3 21
4 20
1 16
5 90
1 16
3 15
5 45
4 24
1 17
3 27
1 15
2 40
3 60
1 13
3 18
3 39
2 26
4 72
1 14
2 30
4 76
2 16
3 18
5 55
2 30
3 39
3 60
1 11
4 56
2 14
4 32
5 80
1 6
3 45
5 45
2 26
1 8
5 70
3 21
4 60
1 5
3 60
2 34
4 24
5 30
3 27
3 39
5 45
1 12
5 40
2 34
5 80
1 11
4 32
4 68
1 19
3 51
4 32
2 40
2 20
4 52
3 48
4 48
3 27
3 60
3 45
4 60
5 90
2 40
4 72
1 14
5 25
5 50
5 40
1 17
2 14
3 30
4 60
3 57
2 14
4 44
3 45
4 44
5 65
1 6
3 21
3 48
5 55
4 48
4 48
1 8
3 48
5 95
2 16
5 90
5 65
4 24
1 13
4 28
4 52
2 28
5 55
2 20
1 9
4 64
4 76
1 15
2 32
4 68
4 48
3 54
5 65
5 75
1 18
2 34
2 36
5 95
5 90
4 52
4 60
5 40
3 30
4 60
3 45
3 36
2 22
1 18
5 90
4 48
4 32
2 40
3 30
4 36
2 40
3 51
5 60
2 24
5 50
3 60
3 36
1 18
2 34
2 16
4 24
3 27
1 18
2 14
3 24
4 48
4 20
5 30
4 32
5 95
2 28
1 11
2 30
1 6
5 35
3 60
2 22
1 17
3 57
1 20
1 17
2 32
5 55
1 20
3 51
3 39
5 45
5 45
4 36
1 10
5 55
4 40
2 36
3 45
5 55
4 72
2 40
5 30
2 30
1 10
3 45
5 85
2 24
5 50
2 32
5 30
3 60
5 95
5 90
4 44
3 48
1 14
2 20
5 90
5 95
3 60
3 57
2 20
3 45
1 6
5 95
4 72
5 70
3 30
3 60
1 14
1 5
4 76
1 6
5 60
1 9
3 33
2 16
3 18
2 24
4 80
4 44
3 60
3 36
3 18
4 20
4 32
4 36
5 70
5 55
3 45
4 20
1 10
2 12
5 95
4 68
4 56
2 40
3 45
2 32
3 24
5 75
5 100
4 32
1 18
3 36
2 24
3 21
4 56
3 48
4 48
2 40
5 30
4 68
3 48
5 55
4 48
1 10
4 60
5 40
4 44
1 6
3 15
2 40
5 65
2 32
1 18
5 100
5 65
1 13
5 55
5 65
3 48
5 55
2 28
3 60
1 8
1 17
2 34
5 80
4 56
5 100
4 64
1 18
5 90
4 56
1 12
2 20
3 27
3 33
3 54
4 60
4 32
4 60
1 13
5 70
3 39
4 28
1 13
3 60
4 64
3 45
2 16
5 90
5 50
5 100
4 24
3 36
4 28
3 45
2 14
3 39
4 32
1 6
4 32
4 56
3 24
2 34
2 16
5 100
3 36
5 75
3 36
5 45
5 55
2 14
5 90
3 54
1 18
1 10
3 15
2 12
3 39
1 5
2 26
3 42
2 34
3 39
4 36
2 22
5 45
2 40
5 35
4 68
3 36
3 27
3 60
3 18
5 55
1 6
1 20
2 36
1 7
2 32
4 40
1 5
1 15
5 30
1 8
5 30
4 56
2 26
1 17
4 72
3 33
2 32
3 36
2 10
3 45
4 64
1 18
3 48
5 90
3 24
2 14
1 13
2 24
4 28
3 30
3 18
5 50
3 51
4 32
4 48
3 54
3 51
1 10
4 80
4 32
4 20
3 21
2 18
4 48
4 64
5 50
5 25
2 10
2 28
4 64
5 95
5 30
2 22
5 90
3 15
2 34
4 28
5 75
5 90
2 40
5 25
3 45
1 18
5 100
2 32
5 90
2 22
3 60
1 13
5 70
2 26
1 17
2 40
1 6
3 36
2 12
1 13
3 45
5 55
5 45
2 30
3 60
3 36
4 68
5 50
4 72
5 80
4 68
2 28
4 72
5 25
5 45
1 9
2 22
1 5
1 11
2 32
2 26
3 15
3 45
4 64
4 40
2 28
2 26
5 90
3 45
1 9
1 6
4 32
1 18
2 30
4 44
4 40
3 54
2 32
4 60
4 80
2 22
1 6
5 65
4 36
1 5
1 14
5 80
2 26
2 12
2 26
5 100
2 36
2 34
5 60
3 30
5 85
2 32
2 28
5 75
2 22
3 33
1 11
1 11
2 34
5 75
2 30
4 80
2 34
2 26
4 36
3 33
4 76
1 12
2 28
1 16
1 8
3 15
1 16
2 40
3 45
1 13
3 18
5 30
3 60
5 90
3 45
1 6
5 100
2 32
3 30
1 11
2 34
4 56
3 39
5 60
1 8
1 11
4 32
5 70
2 26
2 18
5 60
5 75
4 28
4 72
4 24
3 48
5 55
3 18
1 18
5 65
3 21
4 44
3 36
3 27
1 10
1 8
1 6
5 25
1 14
5 25
4 76
5 85
5 85
3 60
3 54
1 17
3 36
2 34
2 24
5 30
5 90
2 18
3 36
4 68
3 51
4 32
5 100
1 9
4 60
3 54
5 90
4 44
2 16
3 54
4 72
3 54
4 32
5 25
5 55
3 18
3 33
4 60
3 27
2 38
3 18
2 30
4 44
4 52
5 50
3 45
1 9
5 50
1 8
2 16
5 95
5 30
5 90
5 25
5 50
3 15
3 36
3 48
5 45
2 30
5 55
4 60
1 8
3 42
1 18
4 40
2 10
3 33
5 50
2 20
2 24
4 60
1 6
2 28
4 60
3 48
4 60
1 10
4 40
4 32
5 65
4 72
2 28
1 18
5 95
2 32
2 16
5 100
5 95
4 68
4 68
1 19
3 45
5 30
5 45
1 12
3 60
3 15
5 50
2 26
4 36
4 32
4 28
3 15
2 26
5 95
3 21
5 25
5 45
3 60
5 85
1 7
1 5
1 19
1 17
1 14
2 16
5 30
4 40
4 44
5 80
2 20
4 64
2 16
2 26
2 12
4 60
1 10
4 68
3 27
3 54
3 27
4 32
4 28
4 44
1 13
5 70
1 13
1 5
4 64
5 50
1 20
4 36
3 27
3 51
3 45
5 35
4 56
1 19
4 64
4 32
2 28
2 10
3 21
2 16
3 27
3 18
4 60
1 8
5 80
3 21
1 10
3 27
2 16
2 16
2 10
1 12
2 10
2 26
1 10
3 18
4 60
3 42
3 24
5 85
1 16
5 45
2 16
3 21
1 8
4 20
5 55
2 14
3 33
2 30
1 19
4 72
1 13
4 80
1 18
4 64
2 26
2 30
5 90
3 18
2 18
3 45
4 28
3 33
1 7
5 30
1 11
1 7
3 21
5 45
2 24
1 11
1 18
4 28
4 60
3 18
4 32
4 32
5 90
5 100
1 18
1 14
5 90
3 51
3 45
4 64
1 12
3 60
2 24
2 32
1 12
1 15
3 45
5 50
4 24
2 22
3 39
3 30
1 9
2 10
5 75
3 60
3 60
3 33
5 60
4 64
3 36
2 34
3 21
5 40
4 80
4 44
2 20
2 36
5 30
2 40
2 30
3 18
1 20
1 19
5 55
4 28
1 6
1 8
4 36
5 65
3 60
4 52
1 6
2 34
3 45
1 20
5 45
3 33
2 32
1 16
4 44
5 70
4 68
1 20
4 20
2 16
4 48
3 36
1 18
1 5
5 70
2 40
2 16
5 65
4 72
3 60
3 54
2 32
5 90
2 34
4 32
1 6
4 40
5 25
2 20
5 70
2 22
5 80
5 65
4 52
2 14
5 30
3 57
1 13
1 19
3 48
4 76
2 38
5 70
3 27
1 9
2 34
5 65
5 80
4 80
3 57
2 30
2 28
2 14
4 40
5 80
5 90
5 45
4 68
5 25
2 40
4 40
5 75
2 16
1 6
4 52
4 48
5 100
5 90
4 60
5 95
1 18
4 36
4 72
3 30
2 16
5 90
3 48
2 22
3 51
5 40
4 24
3 54
2 32
1 18
4 44
5 85
1 7
1 11
5 55
1 9
3 18
3 54
4 48
3 33
5 85
5 90
3 18
4 44
3 42
2 30
3 27
3 27
1 19
2 40
1 17
4 80
3 30
2 28
1 18
2 36
3 36
3 36
5 40
2 16
3 60
3 60
1 15
1 11
4 40
4 64
5 55
1 7
2 14
3 54
5 45
2 26
5 40
4 44
1 9
1 5
1 16
4 28
1 18
5 90
2 10
2 32
5 35
3 42
4 52
5 70
2 26
3 33
3 51
2 32
5 60
4 20
1 18
5 25
3 18
3 36
3 45
4 68
4 68
1 20
3 51
3 48
1 19
4 56
3 24
1 17
3 36
5 100
3 30
1 11
4 28
5 90
2 20
3 60
1 11
1 16
1 16
2 32
4 80
5 90
4 32
1 9
2 34
2 30
3 27
4 56
1 17
3 21
4 68
5 50
2 16
3 54
1 6
2 16
1 10
1 18
3 30
5 80
3 48
1 8
1 14
3 60
3 45
1 10
3 33
5 55
1 14
1 15
3 39
4 40
4 28
3 27
4 68
2 34
1 14
3 45
3 36
1 14
4 52
4 64
2 40
3 30
2 16
2 40
4 72
4 56
5 75
4 56
5 30
2 30
1 10
4 48
4 56
3 60
5 45
1 8
1 6
3 18
3 60
4 24
3 48
2 30
2 22
3 36
2 30
4 76
2 12
1 15
2 30
1 18
3 21
1 20
1 8
5 50
5 45
2 26
1 13
3 33
1 18
2 36
1 6
5 80
1 11
5 30
3 42
2 32
4 76
1 16
3 18
3 60
5 45
1 17
4 64
2 24
4 72
5 100
4 28
4 56
1 19
1 8
2 20
5 35
1 12
1 18
4 52
1 18
5 80
1 10
1 16
2 30
3 24
5 90
1 11
1 8
2 16
2 18
4 64
1 18
5 95
2 16
1 16
2 16
2 22
1 11
5 80
3 18
3 33
2 34
3 18
1 10
3 60
2 40
4 48
5 50
2 34
4 32
2 26
4 44
5 65
4 76
5 75
4 68
5 40
2 28
5 100
5 65
4 28
4 60
4 72
5 55
2 28
1 13
1 20
5 75
2 10
4 72
1 13
2 16
1 17
1 14
5 85
1 11
4 64
5 30
5 45
1 11
1 20
4 28
5 90
2 30
1 12
2 14
2 30
4 68
4 48
1 9
3 33
4 60
2 30
2 20
3 33
5 80
3 39
3 24
5 90
3 18
4 44
1 19
4 52
1 13
5 65
1 11
4 56
3 45
4 68
5 100
3 15
5 25
5 100
4 28
4 48
1 18
1 19
4 40
2 36
4 32
3 30
3 24
5 80
4 56
5 90
3 60
2 36
3 45
1 18
5 70
5 40
2 14
5 35
2 12
5 65
5 30
4 60
2 32
5 75
5 45
2 34
4 60
3 33
5 40
3 45
1 9
5 45
4 44
3 42
2 34
5 45
5 45
1 17
3 39
4 64
5 95
3 36
5 95
3 21
4 80
4 44
4 56
3 36
5 90
5 40
2 26
1 6
4 64
5 70
1 17
3 54
4 52
1 10
4 36
3 42
1 18
2 30
5 35
1 5
2 22
2 24
4 72
2 14
3 21
5 30
4 44
3 18
2 10
3 18
4 28
1 19
4 52
5 45
5 70
5 65
1 13
4 56
1 6
2 14
4 56
5 75
5 90
4 36
1 15
4 32
4 80
3 45
2 38
1 14
3 60
5 65
1 9
2 32
4 24
3 57
2 30
3 36
2 34
5 45
2 30
4 28
1 8
2 34
5 100
2 26
1 12
3 21
5 100
4 20
5 30
2 40
4 28
3 33
2 18
1 9
5 90
5 30
3 60
4 56
1 18
4 52
5 30
4 32
4 40
1 18
4 68
5 75
2 20
5 95
1 12
3 45
1 17
3 48
3 21
4 32
2 22
4 68
1 11
2 22
5 45
1 7
2 26
5 45
5 30
5 55
4 80
3 27
1 20
1 19
4 52
4 60
2 34
4 44
3 45
4 68
5 55
4 28
2 14
4 28
5 65
3 48
5 100
1 16
5 70
2 20
4 32
4 32
2 32
1 6
1 16
3 33
1 14
5 75
4 24
2 14
5 50
1 8
3 45
4 64
5 45
3 42
4 64
2 26
3 36
4 48
4 60
3 36
1 14
1 18
1 8
2 14
4 32
2 24
4 20
2 22
3 15
1 16
4 20
4 64
4 64
3 51
2 30
1 13
3 60
5 45
1 11
5 75
4 48
3 30
1 19
4 48
1 20
5 55
1 9
4 32
5 85
1 19
3 51
4 40
4 36
2 14
3 48
1 12
1 11
4 72
1 16
5 50
2 32
2 30
4 36
3 45
4 40
3 30
5 85
3 36
4 64
3 15
1 8
1 6
4 56
3 36
5 35
3 39
1 9
1 11
5 90
5 25
1 6
1 18
3 54
4 28
4 80
4 48
1 14
3 18
5 90
4 56
2 34
3 24
2 34
2 16
5 50
1 18
3 33
4 40
5 90
2 40
2 28
4 44
4 32
5 30
4 60
4 68
4 28
2 32
3 18
2 36
1 11
4 64
4 68
3 18
3 36
2 40
3 33
3 21
3 18
3 39
5 80
1 5
2 32
5 50
5 35
3 21
4 24
5 55
1 8
5 90
4 56
2 14
5 55
4 64
1 10
4 68
2 30
4 52
3 15
3 21
4 32
2 30
4 32
1 14
2 36
3 24
1 15
3 33
1 6
2 14
2 16
1 6
2 16
1 18
2 10
1 5
5 95
1 18
5 30
4 40
2 36
3 36
2 28
1 18
5 45
5 90
3 21
3 39
2 30
1 12
1 8
2 22
2 32
3 27
4 52
5 25
4 48
3 48
2 24
5 60
5 30
5 90
4 56
4 56
4 76
2 28
3 51
4 68
4 48
3 60
4 48
3 15
3 45
2 20
3 36
5 65
2 40
5 50
3 39
3 48
1 6
5 70
5 85
4 48
1 12
4 36
3 42
2 24
3 21
5 65
2 40
4 76
1 12
4 76
1 16
2 28
4 72
4 68
3 60
4 72
3 36
4 24
3 48
3 60
2 30
2 32
5 65
3 60
2 30
5 90
5 95
2 32
3 36
1 12
4 40
4 60
3 18
2 28
3 42
3 51
4 72
1 5
4 48
1 19
4 64
3 39
4 20
1 18
1 15
2 16
1 9
3 48
3 30
4 68
1 11
3 27
5 100
4 40
1 6
3 27
2 16
5 55
5 50
2 40
1 6
5 85
4 48
1 11
4 48
5 65
5 100
5 55
3 39
3 18
4 44
2 40
1 12
3 21
1 5
2 14
5 50
3 51
1 16
1 18
5 70
1 18
3 48
3 21
4 40
3 15
2 28
3 48
1 16
3 21
3 51
2 30
5 45
2 16
3 30
2 30
5 95
4 80
1 18
5 95
3 36
2 32
2 34
5 25
2 20
1 19
2 14
4 20
2 14
2 26
5 50
1 18
3 39
2 14
2 24
2 22
5 35
2 22
5 100
5 30
4 60
3 30
5 60
2 40
4 32
4 28
5 45
2 26
1 15
3 42
2 22
2 24
5 45
3 60
4 56
2 34
3 60
1 7
2 20
2 40
5 35
1 12
1 10
4 68
4 68
4 40
4 24
5 85
4 76
1 18
3 48
5 80
4 40
5 30
3 36
4 60
3 36
1 8
3 54
1 8
5 45
5 95
2 14
4 28
2 10
5 65
4 32
3 18
4 64
1 17
3 48
5 75
4 28
1 20
4 68
4 76
2 24
2 32
4 52
2 22
2 20
4 48
1 18
2 16
1 19
2 18
1 15
3 36
4 56
5 70
2 26
4 40
3 60
1 6
3 60
2 30
5 90
2 22
3 54
3 15
1 5
2 24
2 36
5 45
5 75
5 90
2 10
2 36
2 32
2 14
2 30
1 7
5 95
1 20
2 26
2 16
4 56
2 10
4 60
3 24
4 44
3 30
2 28
1 5
1 19
4 64
2 10
1 20
3 45
3 30
1 17
4 20
3 39
3 48
1 8
3 45
4 64
3 45
4 68
1 20
5 75
3 36
2 14
2 40
4 80
5 90
3 42
2 22
1 18
3 36
3 51
2 16
2 34
2 16
5 70
4 48
4 76
1 20
3 60
4 64
1 6
3 45
5 100
5 80
2 20
4 72
2 36
5 35
3 45
4 56
2 24
3 21
4 76
2 10
3 51
3 33
2 14
5 45
2 30
5 30
3 54
5 65
5 90
4 64
3 36
1 8
4 24
4 44
3 39
3 45
3 27
1 11
5 30
4 48
3 39
5 50
5 90
4 60
5 85
4 60
1 18
1 10
2 10
5 35
4 60
5 50
1 17
2 40
3 45
3 60
4 44
5 95
4 56
1 11
5 50
1 6
2 30
4 56
1 12
2 38
5 90
4 48
5 75
3 54
1 9
2 24
4 36
1 15
2 20
5 65
5 40
4 48
4 52
1 14
1 5
3 27
2 22
3 60
5 65
5 45
5 100
1 8
3 15
1 17
2 32
5 45
5 35
4 48
5 45
3 15
2 30
2 20
4 32
5 25
1 19
4 56
1 18
2 22
1 5
1 14
5 95
4 48
4 24
3 45
5 65
2 22
3 39
1 13
4 28
3 45
3 33
2 10
2 40
3 18
5 60
5 95
3 60
1 14
2 24
4 20
1 6
4 68
1 5
3 27
5 70
4 40
4 36
4 80
4 60
3 21
1 16
3 30
5 60
4 60
5 50
1 6
1 10
3 33
4 32
4 36
4 76
4 68
3 15
3 45
2 14
2 30
5 55
5 75
4 24
4 64
4 80
3 57
4 20
2 24
4 20
1 20
2 34
3 51
3 27
4 56
4 32
1 11
2 20
4 68
5 80
1 13
1 11
3 18
4 24
1 12
4 72
4 32
2 16
1 12
5 90
3 48
2 30
5 85
4 56
1 8
2 40
4 28
1 12
5 90
3 60
2 32
5 60
2 32
5 30
2 30
4 28
4 32
1 8
2 30
3 18
1 20
5 30
3 30
1 12
2 30
2 34
4 24
5 75
5 50
2 26
5 95
1 18
5 90
3 36
5 50
5 65
1 12
2 10
3 39
2 20
3 45
4 28
2 18
2 30
3 42
1 12
5 65
3 39
5 30
3 21
5 45
2 22
4 40
2 14
4 72
2 32
4 44
1 19
3 36
2 40
5 35
1 5
1 8
3 24
4 44
4 80
5 90
2 10
1 6
4 56
3 36
1 15
4 48
4 68
3 36
1 14
2 28
1 14
3 33
3 33
5 55
5 60
5 65
5 60
3 60
4 52
4 56
3 27
5 90
1 17
1 20
2 16
1 20
3 60
5 85
2 20
1 8
2 30
2 30
5 90
3 48
4 24
2 18
4 44
1 11
1 17
3 24
3 57
2 16
4 80
3 45
5 65
3 21
3 48
3 18
5 45
2 30
4 72
3 21
4 60
3 36
5 90
4 80
3 54
2 22
2 30
4 80
5 85
3 33
3 24
4 48
1 9
1 20
5 55
1 18
5 85
3 18
4 44
3 57
5 65
2 34
5 70
1 6
1 19
3 27
4 40
3 15
2 26
3 39
1 8
1 11
2 28
5 45
5 65
2 36
2 34
2 20
4 48
3 18
1 17
1 10
1 20
2 22
4 32
3 60
3 21
3 45
3 48
2 32
3 48
1 12
2 14
3 15
4 52
2 30
4 68
2 30
3 39
2 24
4 28
4 56
4 44
2 10
4 40
3 33
2 16
3 48
2 36
4 56
2 22
5 90
3 21
1 18
3 45
2 10
5 90
2 20
1 11
1 12
1 17
3 42
1 20
2 20
3 39
1 11
4 32
1 20
2 26
2 34
1 11
2 22
4 28
3 18
4 76
4 56
5 25
3 15
3 36
4 72
2 30
2 24
5 100
4 56
2 16
5 95
2 22
3 18
2 26
2 32
2 30
4 72
4 40
2 28
4 68
5 35
2 24
3 60
1 15
4 48
5 50
4 20
1 18
5 95
3 36
2 10
4 32
5 70
2 30
3 51
5 25
2 32
1 6
1 19
2 12
3 33
1 7
1 6
2 10
5 55
3 60
5 100
4 52
5 30
2 14
1 7
3 36
1 6
2 36
1 16
2 40
4 48
2 34
4 72
3 36
5 65
4 64
4 48
1 20
1 7
4 80
4 60
4 52
3 60
1 11
3 42
3 48
5 45
1 14
2 32
1 11
3 18
3 33
5 90
4 48
1 15
4 40
4 56
5 50
1 20
1 11
3 39
2 22
5 50
1 7
5 30
3 36
2 10
2 28
2 24
2 10
1 8
5 65
2 10
2 12
5 35
4 52
2 10
2 26
1 18
3 27
4 48
1 12
1 5
4 48
5 90
5 100
4 20
4 68
5 100
1 5
5 45
5 80
4 60
4 48
3 36
4 76
5 50
2 28
5 85
5 75
1 12
2 30
2 28
5 25
3 30
4 32
2 34
3 33
1 18
4 32
2 20
5 100
4 76
2 20
2 14
4 28
4 64
3 48
3 30
3 42
2 14
5 25
4 32
5 65
5 30
2 14
1 20
1 12
3 15
2 18
3 54
4 32
1 9
3 54
2 34
2 40
3 45
3 60
3 45
4 80
5 25
3 21
1 6
5 90
1 6
2 30
3 42
5 45
2 22
5 45
2 14
1 12
5 40
5 75
4 76
3 36
4 80
3 54
2 32
5 65
5 95
5 35
5 75
5 85
3 60
1 8
2 22
3 18
1 6
2 26
3 60
5 85
3 60
4 44
2 34
2 34
5 70
1 5
2 22
2 16
2 34
4 64
5 65
3 48
4 68
4 68
5 30
4 72
1 18
4 60
2 16
4 56
2 24
3 21
1 17
4 68
4 44
3 15
2 20
4 40
1 19
5 30
1 9
1 6
2 30
5 45
1 15
5 30
1 11
4 20
4 72
4 64
1 17
4 80
2 20
3 39
3 36
5 85
5 45
5 90
2 38
2 26
5 95
1 13
5 90
1 17
1 16
5 60
1 19
1 20
2 26
5 45
1 17
4 72
5 70
2 34
2 18
2 28
3 33
3 33
4 52
4 36
5 70
5 65
2 28
2 36
5 45
1 6
3 60
3 60
5 55
2 28
2 30
2 40
2 10
3 15
5 30
2 12
1 16
2 28
1 14
5 45
3 48
3 51
1 17
2 10
5 45
2 32
5 75
5 75
4 48
2 14
1 10
4 64
2 18
4 68
3 45
2 36
2 30
3 54
3 24
4 68
1 18
1 18
2 40
1 5
2 14
5 80
5 55
3 60
1 8
5 90
4 40
5 75
4 64
2 14
2 10
1 18
3 48
3 33
5 45
3 15
3 45
1 18
1 11
2 24
3 60
5 35
3 33
4 36
2 30
4 64
4 80
4 28
5 100
3 45
1 18
5 95
1 6
2 10
4 60
4 60
4 28
5 85
5 30
2 26
1 17
5 45
2 24
2 16
3 48
3 33
4 24
2 24
1 11
4 28
4 28
3 18
4 44
3 18
3 42
3 33
1 19
4 64
2 36
1 9
1 13
1 15
4 28
5 35
4 60
5 50
2 10
1 9
5 55
1 10
5 90
1 12
4 48
4 28
2 32
5 25
1 20
2 28
4 56
5 25
5 100
5 70
5 90
5 50
1 10
2 30
3 33
2 32
3 33
1 5
5 70
4 28
3 15
2 20
5 65
3 51
5 70
4 68
1 12
2 20
3 27
4 44
4 68
3 60
2 30
1 12
5 90
2 30
3 36
3 36
4 72
3 15
5 65
3 45
5 40
3 15
3 15
1 15
3 45
5 45
4 44
1 6
5 90
1 20
5 90
2 14
5 50
5 100
5 90
4 72
2 40
1 17
4 28
1 17
2 40
4 44
1 15
5 90
3 60
4 80
4 80
5 40
4 72
3 18
4 24
3 60
3 18
1 8
1 17
3 51
4 56
3 33
5 25
5 60
4 68
3 54
5 45
4 24
4 20
5 65
3 33
2 10
2 36
4 60
2 40
2 26
4 24
4 76
5 25
5 100
3 36
5 75
5 30
1 10
2 10
2 28
1 10
5 30
2 32
1 18
3 27
1 19
3 33
3 18
5 30
4 40
2 20
1 10
4 52
2 30
1 6
2 16
5 95
5 30
1 16
1 5
1 18
2 24
4 44
4 28
2 40
2 12
1 6
5 40
2 28
2 40
1 17
2 14
1 14
2 34
3 27
4 24
4 48
3 15
1 18
5 95
1 8
5 65
3 54
1 11
2 14
1 6
5 70
4 36
4 28
2 16
1 12
5 90
3 36
2 16
4 40
2 30
3 60
4 64
4 32
5 95
5 85
2 36
4 24
1 12
4 48
5 60
5 60
3 45
3 21
1 9
2 14
3 27
5 75
2 12
5 35
3 21
5 30
5 95
2 32
1 5
3 27
5 90
1 18
5 65
5 25
4 48
1 11
4 60
3 60
4 60
3 36
5 90
4 28
5 100
1 17
3 36
5 30
3 33
2 16
2 34
5 100
3 36
5 30
4 68
1 18
4 60
2 34
3 54
5 65
1 18
1 8
2 32
3 30
2 18
1 13
3 42
1 14
5 30
4 28
4 60
2 12
3 15
1 15
1 6
2 32
5 90
4 32
1 20
5 45
4 60
2 24
5 60
2 14
1 12
5 50
2 24
4 48
5 100
5 45
5 55
2 22
4 76
2 22
2 14
3 42
3 60
4 68
3 51
4 36
3 45
4 60
3 24
3 48
4 40
5 80
5 30
1 13
5 35
5 90
4 68
1 16
2 24
2 24
3 36
1 18
4 60
5 60
4 48
3 18
5 30
2 20
4 36
5 60
4 32
4 72
5 80
4 52
3 21
5 30
4 64
5 70
3 57
3 48
3 45
4 68
3 27
2 10
5 30
3 42
1 18
3 51
3 36
2 30
1 19
5 65
2 40
5 60
2 16
5 100
5 45
4 48
3 21
2 22
3 36
5 45
3 54
4 72
4 20
3 27
1 12
4 72
2 40
2 28
4 32
4 24
5 75
2 24
2 40
2 26
5 25
4 80
4 56
4 24
1 11
3 39
1 15
4 60
1 18
3 36
4 68
5 65
3 27
5 85
1 17
2 34
5 95
1 19
3 33
2 28
4 68
2 16
2 30
4 56
4 24
1 6
1 6
5 95
2 10
1 13
3 30
3 45
5 45
2 40
1 17
4 56
1 19
5 35
4 52
1 18
5 85
3 36
4 36
2 22
5 100
3 15
5 90
2 30
2 26
3 27
3 57
5 65
2 16
1 8
5 60
4 76
3 57
2 14
3 60
2 14
5 25
1 10
3 45
2 28
2 28
5 80
1 19
3 39
5 70
2 30
3 57
4 32
5 60
3 30
4 24
2 10
4 28
4 44
3 45
1 19
1 6
5 45
3 45
2 12
2 40
3 60
4 20
4 28
1 17
5 65
4 68
4 40
4 80
3 39
5 90
3 60
2 30
2 30
2 30
3 30
1 13
4 52
4 80
5 60
5 55
3 48
4 32
3 45
2 34
2 14
1 8
1 19
1 18
5 95
3 33
4 48
4 20
5 70
5 90
1 11
2 16
2 32
2 40
5 35
5 55
1 17
1 6
2 20
5 30
2 34
4 48
1 17
1 19
1 5
3 33
1 10
1 18
4 68
5 65
1 17
5 75
3 36
3 27
2 24
3 36
5 45
1 20
4 68
4 60
3 51
4 32
4 64
2 34
3 18
2 30
2 30
4 24
1 9
5 75
4 56
4 24
2 28
5 75
1 12
3 45
2 20
2 30
2 20
4 52
1 8
3 60
3 51
1 12
1 12
3 60
3 18
1 9
4 60
1 14
5 40
4 48
3 48
4 68
5 80
3 36
3 27
2 32
4 72
5 25
3 60
3 39
4 28
3 30
3 45
3 30
5 95
5 45
5 50
5 100
3 27
2 32
5 45
4 60
4 52
4 32
2 28
2 36
1 17
4 28
4 68
5 70
4 60
4 24
3 36
4 68
5 60
2 32
1 11
5 45
4 28
5 95
2 22
1 10
4 68
1 15
5 55
2 38
3 48
1 10
1 20
5 100
1 10
5 45
4 56
2 40
2 10
1 11
1 6
5 70
2 30
3 30
1 6
3 51
3 45
1 18
4 68
3 60
3 18
2 24
2 22
5 65
3 45
5 90
5 70
5 65
3 48
3 48
2 10
3 39
1 10
2 32
3 45
3 45
5 55
4 48
3 27
1 18
3 15
4 60
5 50
5 100
4 32
4 48
3 33
2 28
2 16
5 65
2 22
1 11
2 40
1 11
5 60
2 26
5 50
3 27
1 12
4 44
3 30
2 14
2 16
1 18
5 90
2 20
1 19
1 10
3 45
4 72
3 21
3 36
2 32
5 25
3 15
4 56
5 45
1 9
2 10
3 27
2 28
2 14
5 85
1 10
5 45
2 36
3 45
2 28
3 48
4 80
5 45
1 13
3 60
5 45
5 90
5 55
4 60
1 15
4 32
1 10
4 48
4 80
2 30
5 60
1 10
5 75
5 90
3 15
4 24
4 64
3 48
2 32
4 76
2 36
2 40
2 26
5 50
2 22
3 33
2 14
3 18
1 19
5 65
3 39
4 48
1 5
4 48
1 18
1 17
5 55
4 24
1 6
2 34
3 48
4 60
5 30
5 45
3 48
4 80
2 30
5 75
2 22
1 17
4 68
4 72
2 26
3 45
5 90
2 16
1 20
3 36
3 48
1 16
3 48
5 60
1 20
5 25
2 14
4 32
4 72
1 9
3 60
5 25
3 18
2 30
2 40
4 48
5 30
4 76
2 22
3 48
1 6
1 14
2 26
4 52
5 50
4 24
5 90
1 10
2 16
5 45
2 10
1 18
5 90
4 28
1 15
2 22
5 55
4 64
1 20
5 100
1 7
1 11
5 90
1 9
2 30
5 40
1 11
3 36
3 48
3 33
4 80
2 14
3 36
2 34
5 50
3 18
4 20
4 60
4 64
2 34
2 30
5 50
2 14
3 36
1 11
2 26
3 27
5 45
4 68
3 48
4 72
4 76
2 26
5 85
2 36
1 20
4 72
5 85
4 48
3 21
4 60
5 40
4 48
3 60
2 14
5 60
4 60
4 56
5 30
3 54
1 7
1 6
1 10
1 10
4 60
4 48
1 9
3 45
5 55
4 56
5 75
5 45
2 20
5 50
4 20
1 6
1 18
4 28
4 24
3 18
4 24
5 85
1 10
4 32
5 25
3 30
2 14
1 12
1 10
2 12
1 20
2 26
5 45
5 95
5 55
1 12
1 5
5 70
4 68
5 60
4 36
2 38
2 34
5 35
3 51
5 95
5 50
1 12
3 60
5 65
3 33
5 30
2 18
4 68
2 30
2 28
1 19
5 55
3 36
5 70
4 36
3 51
3 45
3 18
3 51
2 18
5 90
3 48
4 76
2 30
3 21
2 32
1 18
5 45
5 85
2 16
3 24
5 90
1 9
1 10
1 13
2 14
2 12
4 56
3 45
2 14
1 20
2 16
2 32
1 10
1 18
5 50
1 17
4 56
3 36
3 42
1 12
3 33
1 17
4 60
4 32
3 21
2 10
3 36
3 54
4 28
3 33
4 60
1 6
2 32
3 39
1 16
5 60
3 30
5 30
2 34
5 45
1 12
3 36
3 15
3 15
2 20
4 68
2 22
3 27
4 56
5 30
1 8
1 6
3 39
1 11
3 42
3 51
5 55
1 17
5 70
4 52
1 5
3 45
4 24
3 30
1 8
4 32
1 8
2 34
4 24
3 48
2 12
5 30
2 32
3 39
2 30
3 48
3 42
2 24
4 48
4 52
3 48
2 16
1 20
1 8
3 15
4 48
3 39
3 39
3 15
4 64
5 30
4 44
1 13
2 30
5 95
4 56
1 13
5 55
2 24
4 60
4 36
4 76
2 10
4 64
3 51
5 45
2 20
2 28
5 60
2 18
4 80
4 32
1 18
5 65
4 28
3 60
3 24
2 14
5 50
1 18
4 36
3 54
5 95
1 11
1 5
2 24
5 60
5 80
2 32
1 11
2 20
3 18
3 48
2 32
3 30
1 5
2 24
3 39
3 60
5 90
4 24
5 90
3 48
4 20
2 30
3 30
1 6
1 10
1 10
5 80
5 90
5 90
5 30
3 15
5 45
4 64
2 14
4 64
3 39
1 6
2 26
1 18
3 15
3 27
3 45
5 30
5 55
4 64
3 54
3 51
5 45
1 16
2 30
3 36
1 6
4 24
3 54
4 24
5 90
2 14
2 34
2 10
4 48
4 28
3 48
3 54
3 27
2 34
3 33
3 33
1 11
5 50
1 12
1 19
2 28
3 15
1 17
1 12
2 30
2 34
4 72
1 9
3 33
2 30
3 18
3 27
2 16
1 18
1 9
5 100
2 16
3 15
4 60
1 16
2 40
2 34
4 80
4 60
3 33
3 27
5 40
2 24
2 12
4 48
3 39
5 25
4 60
1 19
3 51
5 55
3 45
1 6
5 80
1 6
3 39
5 90
4 68
5 85
4 60
3 60
5 65
4 24
4 60
1 17
4 52
4 72
1 10
4 24
4 24
3 33
2 28
1 19
2 14
3 33
3 21
3 15
5 65
3 45
1 20
2 12
5 45
1 5
2 30
5 100
5 50
2 18
2 38
1 12
2 30
3 27
4 32
1 8
5 70
2 22
5 35
4 28
5 30
1 11
3 36
3 39
4 44
2 26
5 35
2 20
1 8
4 56
4 20
5 65
2 10
2 30
2 40
3 54
4 40
4 48
4 60
5 50
3 33
5 45
5 40
5 70
3 54
5 25
2 14
2 12
3 36
5 65
2 26
1 15
4 20
1 15
5 75
1 19
2 22
1 11
3 21
1 8
4 80
5 75
5 45
1 11
4 28
5 35
4 56
5 25
3 42
3 42
2 16
1 6
5 50
3 54
5 60
5 45
5 70
3 48
1 18
2 20
1 10
4 60
2 26
3 42
3 60
5 65
3 15
2 24
3 15
2 22
4 32
5 95
4 48
4 28
4 64
3 60
5 75
2 24
5 40
1 20
2 22
3 45
1 16
2 32
4 52
3 36
1 20
2 24
1 5
1 5
2 26
2 28
5 55
3 27
2 40
3 15
3 39
3 39
2 24
2 20
4 80
1 20
2 20
1 7
2 36
5 30
4 36
3 60
5 85
4 28
3 30
1 12
3 27
1 17
1 6
4 76
3 27
1 17
4 68
1 17
4 64
4 68
5 95
3 18
3 45
3 48
1 10
1 8
4 44
5 90
1 10
2 20
1 11
5 80
5 25
3 15
4 44
1 6
4 56
3 39
3 36
3 27
2 30
2 10
5 35
2 18
1 19
1 5
2 32
4 60
5 80
5 100
1 14
3 48
2 20
3 36
5 40
1 17
1 10
4 76
3 60
4 64
3 27
3 39
1 19
5 65
2 18
4 32
5 60
5 35
1 8
5 100
1 8
5 50
4 68
5 30
2 18
5 55
2 16
5 90
4 56
3 48
4 52
3 60
5 45
4 64
2 36
5 45
1 9
5 90
4 32
2 20
1 7
1 18
1 10
5 85
2 30
1 12
4 48
3 36
1 13
2 26
3 45
5 75
5 60
4 28
4 80
5 60
2 16
1 15
3 33
1 14
2 14
3 15
5 90
2 40
3 24
5 65
1 8
4 56
1 17
2 26
2 28
4 20
1 14
1 10
5 45
2 30
3 15
2 12
2 34
2 12
4 44
1 13
4 52
1 5
4 32
5 95
2 20
3 48
4 68
4 80
3 18
2 18
3 18
1 8
1 16
1 19
2 20
4 20
3 18
1 9
3 39
4 72
5 100
3 18
3 42
1 12
3 45
4 76
3 18
1 20
1 10
5 90
1 18
4 80
4 24
5 50
1 12
3 54
1 5
2 20
1 12
2 10
4 36
1 20
2 26
1 6
1 19
5 90
3 21
4 52
2 34
5 90
1 20
5 75
1 16
3 57
2 12
2 18
2 24
1 11
5 90
4 24
5 35
2 26
2 36
4 60
3 48
2 14
2 32
4 48
2 34
5 25
5 60
1 10
5 90
5 85
4 76
3 45
2 32
5 95
3 36
4 60
3 48
2 26
1 16
5 100
1 6
3 30
5 85
2 10
3 27
1 17
5 35
1 11
3 18
3 33
5 25
3 33
4 28
5 45
1 10
4 36
1 19
5 90
4 48
1 9
3 21
4 76
5 90
3 21
3 48
4 64
3 15
4 68
5 75
4 80
1 6
4 60
2 16
5 100
4 40
3 42
3 57
2 16
1 6
1 19
3 24
4 48
1 16
2 22
1 20
3 21
2 20
4 28
1 19
2 26
3 18
5 50
2 30
5 70
1 7
3 18
5 90
3 60
2 40
1 20
4 24
4 40
1 19
1 18
1 10
4 36
3 18
4 56
4 56
3 45
4 28
2 28
2 36
2 14
4 68
1 5
4 68
2 40
2 30
1 6
2 32
1 6
5 35
5 70
3 15
3 60
4 24
1 12
5 95
3 36
3 39
4 28
2 30
2 40
5 90
4 76
4 32
3 18
2 14
1 10
5 65
2 20
3 45
2 40
3 15
2 22
5 55
2 10
1 18
3 21
2 30
2 14
4 64
2 30
5 70
1 18
2 26
5 90
1 18
3 39
5 75
2 10
2 20
1 8
5 95
5 80
4 20
3 27
2 28
5 50
5 60
5 45
4 64
4 48
1 9
1 10
2 40
4 40
4 64
4 68
1 11
5 90
1 17
5 65
2 18
5 90
5 70
3 54
2 36
5 30
3 24
3 45
1 6
5 85
4 24
3 27
1 18
1 10
2 30
2 22
4 52
1 7
5 60
1 18
5 50
2 34
4 60
5 50
2 18
2 36
1 10
4 60
4 44
4 36
2 36
3 54
2 28
2 22
4 60
3 60
3 39
2 34
4 60
5 40
1 6
2 16
4 40
4 28
2 16
1 16
4 72
5 50
2 10
5 75
2 38
5 95
3 60
1 18
1 13
3 18
2 24
5 70
5 80
1 8
3 45
4 52
3 21
2 28
5 100
2 34
3 33
3 24
5 65
3 36
5 75
1 13
2 28
3 45
1 19
3 30
3 36
3 36
5 95
5 85
4 44
3 48
2 36
2 34
4 44
4 40
2 28
2 40
5 85
5 70
1 15
5 40
5 55
2 12
4 56
3 36
5 85
3 48
3 60
5 95
3 18
5 50
3 33
3 27
1 9
3 39
1 8
3 45
2 24
3 21
1 18
5 75
4 36
2 20
3 39
1 10
3 57
5 25
5 100
5 65
3 54
2 34
5 95
1 7
3 18
3 33
2 28
3 45
1 12
2 16
1 6
2 26
4 60
2 16
2 22
4 52
4 28
2 32
4 44
5 75
3 18
3 60
5 45
2 10
4 20
5 45
5 55
4 68
4 68
2 26
4 32
4 48
3 15
2 26
5 80
4 56
1 14
1 17
3 36
4 60
4 72
2 10
1 6
1 14
2 26
2 20
5 85
3 30
3 54
2 34
2 30
4 60
2 28
5 45
1 5
4 48
1 6
5 95
1 11
3 30
3 18
3 51
4 52
5 100
1 11
4 68
5 50
4 48
3 18
3 36
1 6
2 30
5 60
5 100
1 6
2 32
5 55
4 24
3 33
4 72
4 52
5 30
5 85
2 34
1 5
1 18
2 34
3 30
1 8
3 27
4 48
2 20
1 11
4 40
4 24
5 90
3 48
2 14
3 33
4 76
2 30
4 60
5 40
4 68
1 16
1 7
3 33
5 30
5 100
4 20
5 80
4 40
4 76
2 28
5 45
3 24
3 48
4 32
1 10
4 72
2 34
5 50
4 28
2 14
4 40
1 8
5 85
2 26
3 15
1 5
2 40
3 18
3 45
3 21
3 48
3 27
2 18
1 17
3 21
2 16
5 65
3 30
2 16
4 24
5 30
2 14
3 18
5 50
4 56
5 45
4 28
3 27
4 36
1 18
3 15
1 7
3 54
3 18
1 19
2 24
2 26
5 95
4 80
2 40
2 20
4 76
2 24
4 52
4 24
2 14
4 36
5 65
5 90
1 5
3 48
1 18
5 100
3 15
3 27
3 48
2 28
2 12
3 27
5 90
1 19
4 28
5 70
4 76
1 10
4 72
4 64
4 20
3 15
3 39
1 20
1 7
5 50
3 39
5 30
3 60
3 27
5 90
2 28
2 20
5 70
3 18
5 90
1 20
1 14
3 18
2 28
4 68
4 60
5 45
4 48
3 15
4 64
1 16
1 11
4 24
4 60
1 19
4 24
5 100
1 13
3 48
5 25
5 70
1 11
3 21
2 12
2 26
2 14
1 13
5 50
4 64
4 36
2 20
2 18
1 5
5 85
4 40
3 39
5 90
1 16
2 16
2 34
2 26
1 5
2 26
2 16
2 18
1 16
2 34
4 40
3 21
3 60
1 11
4 36
4 68
1 11
3 51
1 6
4 68
5 45
3 18
2 40
2 18
3 33
3 60
5 25
3 33
3 27
2 10
2 10
5 90
2 32
1 18
5 95
1 19
2 32
1 16
3 18
3 21
3 27
2 22
2 28
4 56
2 40
4 48
1 8
5 85
4 24
1 12
1 6
2 14
2 36
1 6
4 24
4 60
5 40
2 16
5 35
4 28
1 15
5 90
5 50
2 40
2 32
3 36
4 40
2 24
1 10
3 30
3 60
4 40
3 36
4 20
5 85
3 39
2 12
3 33
1 12
3 30
4 72
4 72
2 32
2 28
5 95
5 70
3 48
3 33
4 80
3 42
2 24
5 90
4 68
3 39
1 16
5 30
1 20
5 30
2 34
2 30
5 80
4 68
5 90
3 60
4 40
5 30
3 21
2 36
2 26
5 90
3 27
1 16
1 11
1 10
3 30
4 28
4 28
1 11
3 57
2 32
5 100
1 5
3 33
5 55
4 80
5 90
3 42
3 48
2 38
2 14
5 75
4 68
4 20
3 27
4 60
1 10
1 12
5 25
4 60
5 90
1 10
5 40
3 54
2 32
5 25
4 80
5 35
1 19
2 18
1 10
3 54
2 40
5 65
1 20
5 95
2 26
4 64
5 65
3 36
4 36
2 14
3 30
3 60
4 36
1 6
5 75
5 55
1 18
3 48
1 15
3 45
3 45
4 72
1 11
3 60
4 60
3 45
2 20
4 40
2 12
1 19
4 48
3 48
5 85
1 19
4 44
3 36
2 32
4 24
4 24
3 24
1 11
1 11
4 76
4 60
1 6
2 40
4 24
2 20
5 60
4 28
4 20
2 28
5 95
1 8
3 18
4 24
1 6
4 52
3 45
1 10
4 40
1 17
2 30
2 40
4 24
5 95
4 56
4 60
5 60
1 19
2 22
5 45
5 25
4 76
3 45
3 45
2 22
1 20
1 14
1 11
2 40
2 32
2 32
2 36
3 39
5 50
3 60
4 60
4 56
1 20
3 15
3 36
1 15
3 51
4 64
2 40
4 32
3 54
3 21
3 51
4 52
1 6
4 64
1 15
1 18
3 18
5 65
3 27
2 36
3 51
5 85
2 40
5 90
4 76
1 6
5 70
1 12
3 39
1 10
1 6
2 32
3 36
4 64
1 8
3 18
2 32
4 36
5 35
3 60
1 17
3 39
1 12
2 20
1 5
1 8
5 25
3 54
2 26
3 57
1 6
2 34
3 48
2 32
2 26
2 40
4 72
5 95
5 40
4 60
5 90
5 70
3 21
5 70
1 20
5 30
2 10
2 32
2 26
3 60
1 10
1 11
5 60
4 80
4 72
5 80
3 48
4 44
4 24
4 60
3 36
3 39
2 28
3 18
2 12
4 60
5 40
4 20
4 44
4 60
2 10
1 14
4 56
2 14
3 48
4 44
5 100
4 24
5 50
3 36
1 20
3 33
5 60
3 18
5 45
3 18
2 24
3 33
5 45
5 25
1 17
2 14
4 72
3 30
2 16
5 45
2 30
3 60
5 90
4 64
3 30
3 42
2 30
3 60
5 50
2 32
5 75
1 9
1 16
1 13
3 18
3 27
4 28
3 48
3 39
3 51
5 100
1 16
4 80
3 18
4 28
3 60
3 45
5 65
4 60
4 40
2 16
5 75
1 19
3 36
3 54
1 9
1 8
5 65
1 13
2 34
5 50
3 39
1 17
2 32
5 30
3 21
5 60
2 28
2 30
1 18
1 11
3 48
1 19
4 56
1 18
4 56
3 54
4 24
5 80
3 18
2 34
5 75
3 48
3 18
3 36
4 48
1 12
3 60
1 11
1 19
4 80
5 65
3 42
3 45
1 20
5 75
5 30
5 65
5 60
4 40
2 12
4 56
4 68
3 36
2 14
5 35
5 60
3 27
2 20
4 60
3 33
1 11
2 26
3 45
1 7
3 39
4 64
5 65
4 48
1 17
4 32
4 80
2 30
5 70
3 24
1 19
3 51
2 14
3 18
5 45
2 30
4 52
2 26
2 36
1 18
2 36
1 11
4 32
2 24
3 18
4 44
5 45
1 6
3 33
2 26
4 60
2 28
5 35
2 10
5 70
4 72
5 100
3 18
3 54
2 28
2 18
1 10
4 44
4 68
3 21
3 45
3 51
1 6
2 36
4 68
5 65
5 75
2 20
3 48
3 36
1 6
2 22
1 11
3 30
2 10
2 26
5 90
2 40
2 22
2 30
5 65
3 18
5 80
3 48
2 20
1 20
1 10
1 19
2 32
2 14
5 60
5 85
2 18
4 60
5 100
5 70
3 57
2 16
4 60
2 30
1 8
2 34
2 28
2 32
5 30
2 36
4 28
5 90
3 21
3 48
2 28
5 25
1 19
1 5
4 32
3 48
1 16
3 39
3 36
4 64
4 64
3 60
3 57
3 36
1 7
2 14
2 36
3 30
1 17
5 70
4 44
3 60
1 7
5 55
2 34
3 39
4 60
3 60
2 16
2 10
4 24
1 13
2 32
2 40
2 18
3 27
4 32
5 80
3 24
1 11
5 50
4 20
3 30
2 26
3 51
1 6
4 52
1 10
2 30
2 34
5 30
3 33
5 25
3 18
1 18
1 7
3 45
3 42
3 36
1 6
2 10
4 60
1 18
4 60
3 33
5 80
4 32
5 60
2 40
4 24
2 14
4 72
2 16
4 20
1 12
5 35
4 32
5 75
2 32
4 60
1 8
2 40
2 24
4 48
3 51
1 11
3 36
4 24
3 48
2 14
3 48
4 68
2 14
5 70
1 9
5 45
1 11
1 8
3 27
4 80
5 80
3 18
3 45
3 60
5 25
2 30
2 36
5 40
2 22
5 75
4 40
2 20
3 30
2 18
2 36
4 28
1 19
2 30
3 48
5 60
3 42
2 40
2 30
2 10
4 56
2 40
1 18
1 19
5 85
2 40
2 22
5 60
2 30
3 33
3 48
1 6
4 20
1 19
5 45
4 64
4 44
4 52
5 100
1 18
2 10
4 64
4 80
5 85
2 24
5 50
5 80
2 32
5 30
2 32
1 16
3 18
5 30
4 48
2 16
2 40
5 65
5 25
4 60
3 27
2 10
4 60
1 18
2 16
1 6
2 20
1 12
4 24
2 18
4 68
4 24
1 16
2 16
4 60
4 72
5 70
3 39
3 54
3 51
3 60
1 19
4 24
5 80
3 48
3 21
2 10
3 36
1 12
5 40
2 12
5 30
1 10
5 30
5 90
5 55
5 65
4 52
4 76
4 60
2 30
5 95
1 16
3 48
3 39
2 34
4 36
3 21
4 80
5 55
5 90
2 18
4 28
1 11
5 25
4 32
3 15
4 72
1 12
4 24
3 30
4 20
4 60
3 57
5 55
5 85
2 32
5 45
4 40
1 8
5 85
3 33
5 90
3 30
2 26
5 65
4 76
1 12
3 60
5 90
3 18
3 60
1 6
2 10
4 28
3 30
5 45
4 28
2 10
1 16
3 33
5 80
2 16
4 28
2 10
1 20
2 22
5 45
3 45
2 40
4 64
5 90
3 51
5 85
1 16
2 28
2 16
1 6
4 60
1 13
5 95
2 24
4 24
3 15
2 32
5 30
5 75
3 21
3 24
5 90
1 14
1 8
4 20
1 16
5 45
5 65
4 20
4 40
3 54
5 25
1 12
4 32
5 65
2 20
1 11
3 45
4 76
4 28
5 80
5 30
5 80
2 22
1 6
3 57
1 13
2 14
1 15
1 16
2 34
1 12
2 16
1 11
4 64
3 42
3 45
1 9
5 70
1 10
1 16
1 19
3 39
2 20
4 72
2 22
5 30
2 28
1 10
2 32
5 45
1 13
5 85
1 18
3 48
1 8
2 28
4 56
1 13
2 40
5 50
4 80
2 32
3 18
5 45
4 60
1 18
2 40
3 33
2 24
1 18
3 48
1 20
4 24
4 44
5 25
2 10
1 19
3 48
5 75
1 18
2 30
4 60
4 28
2 16
3 27
3 15
3 27
4 24
5 100
5 25
3 18
5 65
4 56
1 10
4 40
3 24
5 45
2 14
4 32
3 33
5 90
3 36
4 40
5 65
4 72
3 27
2 34
3 48
3 27
3 60
4 68
1 20
4 36
5 45
1 17
4 32
2 14
1 6
5 100
3 36
4 60
1 8
5 30
3 42
4 72
2 28
4 48
4 72
4 52
3 15
4 40
1 10
1 12
3 48
3 39
4 64
1 15
4 48
2 10
5 70
2 32
4 68
3 27
5 90
3 48
3 54
3 48
1 10
5 30
5 95
5 35
5 25
4 72
2 32
1 6
4 44
5 40
1 6
5 70
5 45
5 30
1 15
3 54
2 14
5 100
5 30
2 12
3 33
1 14
2 36
2 30
1 19
5 60
5 60
1 16
4 72
2 22
2 14
1 13
2 36
4 64
5 65
4 32
5 30
3 30
1 10
1 7
3 27
3 54
3 60
2 24
4 28
4 56
1 13
4 60
2 40
3 60
3 51
2 30
1 8
3 36
5 50
5 65
5 90
2 22
3 60
3 60
3 15
4 60
5 50
4 40
2 10
3 27
5 55
5 40
1 10
1 18
3 27
5 40
1 20
5 50
5 25
3 45
2 34
3 30
3 45
3 39
2 18
3 27
1 5
1 9
1 10
1 11
5 65
1 6
3 60
3 51
2 40
2 30
2 16
4 56
1 6
3 33
2 30
5 70
1 6
5 70
1 11
3 18
2 26
2 40
4 68
5 85
3 60
5 25
2 32
5 60
1 12
2 18
2 10
5 50
5 65
4 28
4 20
2 36
5 40
3 54
3 45
5 30
4 52
5 30
2 32
3 36
1 17
4 24
1 5
2 34
3 30
4 68
5 45
5 70
4 68
3 45
5 75
2 32
5 75
3 42
1 11
5 45
3 30
3 45
2 24
3 18
3 57
5 30
1 20
4 60
4 72
1 6
3 45
2 10
4 72
4 36
4 28
4 32
3 39
3 18
2 16
5 75
5 85
4 48
3 33
4 72
4 44
5 35
5 30
2 24
5 25
5 75
3 54
2 12
2 10
5 90
1 6
4 52
5 60
1 6
3 54
4 28
1 16
5 95
2 18
1 18
1 6
2 10
3 54
3 33
2 16
5 70
5 70
1 6
2 20
2 32
5 30
2 18
3 48
3 24
1 18
2 18
4 32
3 45
4 32
4 56
2 14
1 11
5 55
4 68
4 56
2 32
4 72
2 24
5 65
5 70
4 60
1 15
4 32
3 15
1 20
3 15
4 32
4 44
2 22
2 40
3 21
4 80
5 45
2 12
2 26
4 76
3 45
3 54
5 95
4 60
1 16
2 40
3 51
1 16
2 40
5 45
3 45
2 36
3 39
3 18
4 32
5 75
2 24
3 48
2 14
1 17
3 48
4 68
5 70
2 30
4 28
3 30
3 27
5 80
1 20
2 10
5 100
2 28
2 26
1 19
3 27
4 68
5 75
4 24
1 5
3 15
4 60
3 42
2 40
5 35
3 30
1 8
5 65
3 33
3 18
2 28
4 60
5 65
4 52
5 30
2 16
5 70
3 18
4 68
5 90
2 18
4 24
2 16
4 32
3 45
1 16
3 48
1 12
3 60
1 18
1 6
3 48
2 26
5 30
2 24
5 90
5 65
3 21
5 90
4 60
1 16
3 21
1 10
2 20
3 18
3 60
2 34
3 39
2 34
4 28
1 11
3 45
4 72
2 24
5 85
3 48
1 17
2 26
2 10
4 48
1 8
4 56
3 15
5 80
1 6
5 55
5 50
5 65
2 40
3 48
5 95
4 32
5 30
3 36
5 30
3 18
4 40
5 85
1 16
2 30
5 90
5 45
4 64
4 48
2 26
5 95
4 28
4 48
5 45
4 52
1 7
4 56
2 30
1 10
4 80
1 6
3 33
3 15
3 42
4 36
2 34
3 36
4 48
1 8
2 20
5 35
5 90
4 44
2 22
4 20
4 52
2 10
1 13
5 75
3 45
3 36
1 18
5 75
3 18
4 68
5 95
5 40
4 60
2 20
5 30
3 54
3 39
5 95
4 76
3 18
2 32
1 18
4 60
2 40
5 75
3 48
1 17
2 10
3 33
3 57
4 52
1 7
1 20
2 10
1 13
5 45
3 33
5 55
5 85
4 32
5 65
2 28
5 35
3 36
4 52
3 51
5 85
4 40
5 75
5 25
2 26
2 20
5 60
3 39
4 68
2 30
5 65
5 25
2 20
5 50
5 45
2 14
1 6
2 40
5 45
4 48
2 22
2 14
2 26
2 16
5 30
4 52
4 56
5 95
4 68
2 40
4 20
2 24
4 68
5 75
1 6
3 60
2 34
4 36
4 56
1 11
2 14
2 30
2 18
5 45
5 65
4 44
3 27
2 40
5 100
3 24
3 39
3 21
1 6
3 60
4 28
4 48
1 20
4 48
5 95
4 48
2 40
1 16
1 20
3 18
5 90
1 10
3 27
5 55
3 21
3 33
3 21
4 60
2 40
2 26
5 90
1 12
4 60
3 30
5 55
3 42
2 32
2 40
2 26
3 36
5 95
2 24
3 30
3 39
5 35
3 42
4 28
4 60
4 60
5 70
5 30
4 68
5 30
2 10
1 18
4 52
2 12
2 28
5 30
4 60
2 20
4 20
5 50
1 9
5 30
3 27
3 18
1 20
2 30
3 27
2 30
5 25
4 32
2 24
1 19
4 64
4 64
4 60
3 21
5 45
4 72
5 25
3 27
2 16
3 45
3 48
4 40
1 11
4 44
3 60
2 34
3 60
3 45
2 12
5 50
1 10
3 45
2 20
4 52
1 11
4 64
2 10
5 70
5 45
4 68
4 76
3 42
2 18
1 6
4 64
2 32
3 18
1 15
1 6
1 10
1 5
4 60
1 8
5 75
3 21
5 85
5 90
1 14
1 11
5 25
2 12
1 10
3 15
5 30
5 30
5 85
1 19
3 18
2 10
1 12
3 36
5 80
4 44
2 24
2 32
5 100
5 75
5 95
1 20
2 20
1 16
4 52
3 54
1 7
1 17
2 16
3 60
3 48
2 34
2 16
2 10
4 52
5 100
2 26
3 48
3 33
2 32
3 60
3 60
2 32
4 68
5 85
4 20
3 27
1 19
5 80
2 14
3 60
3 57
4 48
4 36
2 38
3 18
3 60
5 75
2 10
2 20
2 18
1 6
2 40
3 33
4 60
5 90
4 68
5 75
1 8
3 42
5 25
4 24
1 18
3 18
4 60
1 6
1 10
3 48
2 34
5 60
3 30
2 30
1 14
5 60
3 54
3 15
3 39
5 50
3 27
3 21
2 14
1 18
1 19
3 30
4 68
3 18
2 16
4 64
3 48
2 14
1 10
5 65
4 48
1 16
5 50
4 48
4 64
4 20
1 17
3 39
3 24
1 17
5 30
4 68
2 22
4 64
5 50
1 12
3 36
4 76
2 12
3 36
5 35
3 18
5 35
3 60
3 57
5 35
5 75
4 28
4 60
3 15
2 26
1 11
4 20
5 65
1 18
4 60
2 22
2 18
2 34
4 52
5 70
1 19
3 33
4 36
3 45
2 14
1 10
3 15
2 16
3 15
4 76
4 60
5 70
2 16
5 100
2 32
3 51
3 33
4 68
2 14
5 85
3 27
2 16
5 35
5 70
3 48
1 20
2 38
5 65
3 36
2 14
2 10
3 27
4 20
4 60
2 14
2 24
3 27
2 10
4 72
1 14
1 18
5 100
5 70
3 60
3 42
5 50
2 16
4 32
1 5
4 56
2 40
3 30
3 36
4 72
3 48
3 36
4 24
5 50
3 36
3 36
3 45
4 80
5 30
4 56
2 28
3 18
1 17
5 70
5 50
2 34
5 90
1 20
4 64
1 6
5 85
5 80
4 28
2 12
5 90
5 60
4 28
1 12
3 48
1 14
1 14
3 60
4 60
5 55
5 85
3 60
3 36
2 16
1 16
5 50
4 32
5 75
4 20
4 64
4 72
1 16
4 20
3 45
5 100
4 32
5 50
1 8
1 14
5 45
1 10
2 30
5 70
1 9
4 48
1 8
4 60
1 19
4 60
3 21
5 65
3 30
1 12
1 14
5 50
2 24
5 80
3 48
2 30
2 36
3 45
4 24
4 28
5 85
4 28
3 45
1 20
1 19
4 60
5 30
5 30
4 32
3 54
2 24
1 19
3 15
1 16
4 24
5 75
2 20
2 34
5 85
3 24
5 70
3 54
2 34
1 9
3 27
4 68
3 15
3 36
5 90
2 30
3 18
3 57
5 30
3 39
4 24
5 100
5 45
4 48
4 56
1 18
1 7
2 10
1 11
4 32
3 45
5 90
3 51
1 10
1 6
2 20
3 60
1 11
3 57
4 44
2 30
4 24
4 80
3 45
2 20
3 48
5 90
1 17
5 75
4 28
1 10
2 34
3 48
4 28
5 100
3 42
1 20
5 90
5 40
1 19
2 24
3 18
1 13
5 90
4 24
5 95
3 27
2 24
4 24
3 18
5 80
5 60
2 30
5 40
4 68
2 22
2 20
5 90
2 20
5 35
2 28
2 30
3 57
4 52
2 16
4 20
4 48
4 32
2 30
5 45
4 68
5 45
1 10
5 30
2 30
4 68
3 36
1 19
1 10
1 13
5 85
2 24
5 50
5 45
3 60
5 60
2 40
5 50
3 33
3 39
3 18
1 18
5 55
3 60
2 32
1 17
2 30
5 30
4 68
1 14
3 18
5 65
2 14
1 6
2 40
1 10
4 44
4 24
1 5
2 32
5 30
2 20
5 95
2 18
5 45
4 40
5 80
5 95
3 45
3 33
1 7
2 26
2 30
4 24
3 45
3 36
4 80
2 18
3 54
4 72
2 28
4 48
1 14
4 32
4 40
5 90
4 72
3 39
4 32
1 6
4 60
2 30
3 18
3 60
2 26
3 42
2 28
4 24
1 6
3 57
1 10
3 21
3 30
1 13
4 68
1 6
1 20
4 72
3 24
1 6
5 100
5 80
4 56
2 18
4 60
1 6
4 80
2 32
5 60
5 65
5 35
4 60
1 16
2 12
1 5
2 32
5 90
5 70
2 28
5 50
1 12
4 20
4 80
3 51
2 24
5 55
5 25
5 70
2 30
5 25
1 10
1 18
4 40
3 36
5 90
4 72
3 57
2 22
4 36
5 30
2 36
2 34
1 19
2 20
4 24
2 34
4 60
2 14
3 57
1 19
3 30
2 24
2 16
1 20
3 54
4 60
2 30
4 56
2 18
4 52
2 28
1 17
2 40
4 48
2 24
3 60
1 5
2 12
3 48
1 11
1 15
5 60
3 27
1 10
3 21
4 60
5 70
2 30
3 45
1 11
5 90
3 33
2 14
2 24
2 30
2 32
1 7
2 14
4 68
4 76
4 80
2 20
5 65
3 48
3 21
3 36
4 64
2 34
2 24
5 40
5 90
3 45
2 32
5 25
2 22
5 65
4 76
2 26
3 57
3 60
3 42
3 30
1 19
2 12
3 18
4 32
1 17
4 60
2 14
1 16
5 45
2 14
1 15
1 20
2 30
5 90
2 24
4 48
1 6
1 18
2 22
2 28
2 40
4 80
5 45
2 16
2 34
5 80
4 44
4 68
2 26
4 56
1 14
2 40
4 76
4 60
5 45
3 60
2 18
4 20
4 32
5 35
1 11
4 48
1 16
4 40
4 68
4 52
3 30
3 27
2 30
5 40
1 18
3 60
2 32
1 6
4 48
5 50
4 64
2 20
4 48
4 72
3 60
5 65
5 90
2 18
1 11
4 32
5 85
2 40
5 35
3 54
3 18
3 30
4 72
3 27
4 44
2 28
2 14
4 76
2 32
2 30
5 25
5 55
3 54
5 65
5 60
3 36
2 28
3 51
1 18
5 30
4 24
5 95
5 45
3 27
1 10
1 17
4 56
4 56
1 9
5 65
4 56
4 52
5 80
1 6
1 17
2 30
5 75
4 76
1 19
3 54
5 95
4 36
2 32
3 18
4 24
2 22
3 18
3 60
2 28
1 11
5 45
3 48
5 75
4 64
3 48
2 14
2 14
1 6
4 24
5 25
3 51
5 30
4 56
3 27
5 65
3 57
5 65
5 95
4 48
5 45
3 18
3 33
5 85
4 28
4 52
5 90
3 48
1 7
3 30
4 28
2 32
3 54
3 48
3 21
1 20
5 100
1 8
5 55
2 30
4 60
2 20
3 18
4 60
2 30
2 26
3 18
4 60
1 13
3 45
1 10
4 64
3 39
4 72
4 32
5 80
2 10
5 65
4 44
1 6
2 10
2 30
3 21
3 39
4 28
1 18
2 12
2 32
1 10
1 6
5 80
3 33
3 39
3 54
4 44
2 12
4 32
1 12
3 57
4 40
1 8
4 48
1 17
5 35
2 28
5 60
3 33
3 60
4 24
5 95
3 39
2 28
1 16
3 15
2 34
3 60
5 85
1 14
1 13
4 56
4 72
2 18
2 16
4 32
2 14
3 27
1 17
2 40
4 68
2 14
3 36
4 68
3 24
1 16
4 76
2 30
2 16
1 9
3 60
4 28
4 68
5 95
5 50
2 30
2 30
3 42
2 10
1 9
3 18
1 18
2 16
2 22
5 55
5 75
2 34
3 27
2 12
3 18
4 68
2 30
2 22
1 18
5 90
2 26
2 36
3 51
2 34
1 7
5 45
2 16
1 15
5 90
3 45
3 33
4 32
5 50
4 48
5 85
3 21
4 32
4 60
2 28
4 60
5 85
5 55
5 25
5 40
4 32
4 60
5 60
1 20
4 60
2 14
5 30
5 90
4 68
1 8
5 25
1 16
4 52
5 65
2 36
5 60
2 14
1 20
3 21
3 51
3 42
3 18
1 13
2 40
3 18
2 24
4 68
2 32
3 45
5 30
5 95
2 14
5 100
4 48
3 18
5 35
2 36
2 38
5 85
5 85
2 20
3 48
3 60
3 30
1 19
4 44
4 72
4 32
4 24
1 14
3 42
4 36
2 18
1 18
4 68
5 55
3 42
2 30
3 36
2 36
5 65
2 10
4 20
5 90
1 18
4 28
3 33
3 54
5 55
4 20
4 72
3 36
4 56
1 17
4 68
1 19
2 22
4 24
1 13
4 24
5 95
2 26
2 40
2 34
3 60
5 55
2 36
3 36
5 45
5 55
1 16
1 8
4 60
2 34
3 33
1 11
1 18
3 33
2 24
1 7
3 60
1 10
2 10
5 100
5 85
3 15
4 24
1 16
1 8
4 80
4 48
4 60
4 60
2 16
5 40
2 32
4 36
2 12
5 45
1 17
4 52
4 20
3 45
4 40
3 36
4 72
5 30
1 20
2 14
2 36
4 68
4 80
2 24
3 60
1 16
2 12
4 60
3 45
4 32
5 95
5 30
3 33
1 17
4 64
1 15
5 45
2 20
2 18
3 51
3 36
1 8
4 48
4 64
5 40
5 90
5 40
3 48
2 28
3 39
4 32
2 30
2 22
4 56
1 11
4 44
1 10
5 30
3 30
2 34
5 55
1 16
5 60
4 28
5 65
1 18
4 72
2 26
4 72
2 32
5 50
4 72
1 14
1 12
2 10
5 45
3 39
1 19
1 12
2 34
3 18
2 14
3 39
4 56
3 45
2 22
3 48
4 68
3 60
3 60
1 20
5 90
3 24
2 30
4 24
5 70
1 18
4 20
3 15
2 32
1 12
5 45
3 45
4 28
2 24
3 18
3 15
3 39
4 32
3 24
2 12
5 50
2 26
3 30
5 95
2 40
3 15
3 42
5 55
2 32
3 45
3 60
2 10
4 64
1 18
5 100
4 72
4 60
3 60
3 60
3 54
3 48
5 70
2 40
1 10
4 40
2 20
4 32
5 75
1 12
4 80
3 42
2 32
3 51
5 95
2 24
5 75
4 36
1 11
4 68
5 65
5 70
2 30
1 6
4 60
5 30
1 8
2 40
5 45
2 34
5 100
4 20
2 12
4 48
2 30
2 36
1 19
2 12
4 28
1 6
2 28
3 30
2 24
2 28
4 72
4 68
3 51
1 12
3 36
2 28
5 40
1 7
3 51
5 85
4 32
5 60
1 17
5 75
4 40
5 85
1 19
3 33
3 51
5 45
4 68
1 11
5 95
3 51
2 22
5 50
1 5
5 90
1 11
3 51
2 30
1 9
2 16
3 48
5 90
1 16
2 20
2 40
4 44
1 17
1 18
1 11
2 36
1 11
1 18
5 45
1 6
4 48
4 76
1 5
2 34
2 30
2 30
4 76
5 100
3 48
2 26
2 30
2 10
1 6
5 55
3 57
3 33
2 24
4 80
4 28
4 36
2 26
3 36
2 10
5 80
3 45
2 20
2 16
4 32
1 13
3 45
5 70
3 27
1 14
4 44
2 34
4 32
3 15
2 14
2 16
2 24
1 8
4 52
5 100
4 68
1 12
4 40
5 65
4 64
2 38
3 60
2 26
3 27
3 21
2 30
5 80
5 45
3 36
4 76
4 48
4 60
2 10
1 12
4 60
4 28
4 40
3 15
5 30
2 40
4 32
3 54
3 36
2 20
1 18
3 33
4 60
3 27
5 30
1 16
3 33
4 32
4 24
3 36
3 21
2 40
1 17
5 85
4 52
2 26
4 20
2 38
3 33
2 30
5 90
3 42
2 28
4 44
4 24
1 20
4 32
3 18
4 64
4 64
3 60
4 48
4 32
3 54
1 12
1 18
4 28
3 18
4 32
3 48
5 35
3 15
2 24
2 18
2 32
2 30
2 20
2 10
4 76
5 90
1 20
1 15
5 85
1 18
5 55
4 68
2 40
2 20
4 32
4 44
1 12
4 24
2 32
3 45
5 90
1 12
3 15
1 14
2 24
4 56
3 18
2 30
3 21
2 12
5 45
4 72
5 35
4 56
1 18
4 20
2 14
5 55
4 48
3 45
4 48
1 6
4 52
2 20
5 25
5 25
1 6
1 9
5 95
5 65
1 9
5 35
1 19
4 76
4 40
5 35
4 40
5 45
2 36
3 33
3 21
3 60
4 56
3 60
2 12
2 14
3 48
1 16
4 28
4 56
3 18
1 19
1 18
1 20
1 7
5 100
2 10
4 28
4 28
4 64
2 20
5 90
2 18
3 45
2 16
2 20
5 40
3 36
4 20
5 25
1 9
2 10
2 40
2 24
4 32
2 32
2 36
4 48
3 51
5 45
2 18
4 64
2 30
1 18
4 68
3 30
2 30
5 80
3 60
4 68
1 18
4 60
2 32
4 68
5 75
3 54
5 60
2 30
3 27
2 28
4 24
1 17
3 39
4 32
5 75
5 45
4 60
3 45
3 15
3 45
5 45
5 70
2 14
5 55
3 18
5 30
2 18
3 27
2 34
2 22
4 48
3 21
1 5
1 19
5 75
1 10
5 100
1 5
1 19
4 48
4 44
3 39
4 28
1 5
4 40
1 16
4 20
2 14
5 85
1 11
3 30
1 18
4 60
2 34
5 50
1 19
5 55
2 36
4 40
2 40
4 44
3 15
2 10
5 60
1 13
5 70
4 64
3 33
3 45
3 33
1 17
3 54
2 18
2 30
4 48
3 36
2 14
5 45
1 18
4 24
2 36
5 30
3 57
2 30
3 54
5 65
3 27
4 28
4 68
2 20
5 30
3 42
2 26
3 33
4 24
1 12
4 76
4 32
1 8
4 24
2 28
5 90
1 10
3 27
1 14
1 11
4 68
4 52
2 30
3 18
4 80
3 48
4 76
4 68
1 20
1 9
5 70
3 27
5 65
4 52
3 33
2 22
4 28
5 35
4 32
1 5
4 52
2 40
5 75
4 32
3 60
2 20
1 9
2 18
2 30
5 90
4 68
1 18
2 32
3 18
5 95
1 14
3 36
4 32
4 24
3 30
1 11
2 30
3 18
4 56
5 30
4 40
3 39
1 6
5 60
4 80
3 18
2 16
1 6
5 75
4 48
4 44
2 14
4 40
5 100
3 48
5 100
4 80
5 95
4 80
1 11
2 32
1 10
5 40
2 32
3 45
1 18
3 60
4 72
2 34
1 7
2 40
2 22
3 57
4 64
4 80
2 28
5 95
3 60
3 18
4 36
2 12
5 30
2 40
4 60
3 27
2 40
5 65
4 60
2 34
3 39
3 48
1 12
5 80
1 19
4 32
4 24
3 48
4 68
3 48
3 30
3 42
5 75
4 32
1 10
1 5
2 26
5 75
3 18
1 20
3 18
3 51
1 6
4 24
5 95
4 24
3 48
4 60
1 20
1 13
2 30
5 30
2 12
5 55
2 26
1 16
5 55
4 68
2 30
2 30
5 90
5 70
1 11
4 60
2 22
1 10
5 70
4 72
1 16
4 28
3 60
4 64
1 7
2 34
2 34
5 30
2 28
5 60
4 44
3 60
3 48
2 36
2 20
2 12
5 65
2 18
5 80
1 8
3 45
5 60
2 10
2 10
4 24
2 16
2 18
3 27
5 60
5 95
2 16
4 80
1 13
5 35
4 68
1 19
4 40
5 85
2 26
3 30
1 13
4 28
5 45
5 30
5 30
5 35
5 45
1 20
2 16
3 27
5 95
1 18
3 48
2 18
5 55
3 51
5 95
5 30
1 19
4 32
2 24
5 60
2 30
5 55
2 32
3 42
2 22
1 8
3 42
4 60
2 30
3 48
1 8
2 34
2 30
3 60
4 72
1 16
1 9
5 90
4 28
4 68
5 35
5 85
2 14
2 22
5 65
3 33
4 44
2 20
5 70
1 13
1 15
4 56
4 64
2 14
1 7
3 27
3 15
5 85
3 27
3 27
1 20
1 6
1 11
3 36
4 76
4 36
5 80
1 12
1 16
1 9
2 30
3 18
1 14
3 18
2 30
1 17
5 30
4 48
3 60
2 26
2 34
4 64
3 48
1 6
4 36
4 72
2 30
3 30
2 30
2 24
3 57
1 20
4 32
2 30
5 70
5 90
5 85
2 18
5 70
5 85
2 10
1 20
3 60
3 42
5 30
4 80
3 48
1 19
4 40
3 27
2 36
3 36
2 28
1 18
3 33
5 85
3 60
5 70
2 34
1 20
5 90
1 17
5 95
1 17
3 18
1 11
3 39
3 57
1 15
1 8
3 45
5 65
2 16
3 27
4 76
4 64
1 17
5 40
4 52
3 18
3 42
3 39
3 60
1 6
4 32
1 19
4 56
5 90
1 6
5 100
3 48
3 48
4 20
4 32
4 44
4 24
2 36
5 85
4 56
4 56
4 60
2 18
2 34
4 24
2 18
5 40
5 65
2 30
3 60
3 33
5 90
5 25
1 19
1 20
4 68
5 75
3 48
4 68
3 45
5 45
2 32
3 42
3 21
4 44
1 5
4 80
4 28
1 9
1 18
4 60
3 30
1 11
3 60
3 24
3 21
5 55
3 60
1 19
4 72
5 75
5 95
4 60
5 30
5 25
3 36
3 21
5 90
5 75
3 39
2 16
5 70
2 30
3 24
2 26
1 11
4 72
3 45
3 42
3 36
4 48
5 70
5 55
4 52
2 24
2 14
1 18
3 60
4 68
5 95
3 30
4 32
5 80
3 15
3 39
4 24
5 45
2 12
1 13
1 18
4 68
1 20
1 18
5 75
2 30
3 15
1 5
2 28
3 18
5 65
2 24
1 16
5 30
3 45
5 65
5 75
4 48
2 12
3 45
4 36
1 6
4 28
4 56
4 36
2 16
1 12
4 56
3 39
1 11
4 48
2 20
3 18
4 52
1 11
5 70
5 80
3 18
2 14
3 33
2 28
2 18
5 85
2 40
4 64
3 27
2 18
2 30
1 10
5 40
5 70
1 18
3 60
2 40
5 40
3 51
4 76
2 32
5 95
4 60
1 19
2 32
4 32
5 30
5 85
3 27
5 40
5 65
