60 3 261 44 1109
0 12
0 24
0 35
0 39
1 2
1 10
1 12
1 20
2 8
2 9
2 25
3 10
3 13
3 17
3 37
3 39
4 33
4 36
4 37
5 1
5 3
5 6
5 20
5 29
5 33
6 28
6 39
7 16
7 17
7 25
8 8
8 10
8 19
8 26
8 28
9 0
9 11
9 17
9 19
9 25
9 33
9 34
9 39
9 40
10 2
10 8
10 25
11 14
11 15
11 33
11 38
12 35
12 37
14 5
14 6
14 18
14 24
14 26
14 27
14 29
14 34
14 37
15 12
15 29
15 34
16 18
16 40
17 1
17 12
17 14
17 16
17 32
18 23
18 25
18 29
18 38
19 6
19 9
19 24
19 26
19 31
19 33
19 36
20 31
20 36
20 37
21 15
21 23
21 24
21 28
22 19
22 23
22 39
23 17
23 23
23 29
23 34
24 5
24 22
24 35
25 5
25 8
25 12
25 21
25 24
25 25
25 31
25 41
26 1
26 2
26 6
26 14
26 19
26 25
26 26
27 13
27 15
27 19
27 30
27 35
28 22
28 25
30 10
30 26
30 31
30 39
30 41
31 5
31 12
31 14
31 15
31 21
31 37
31 40
32 1
32 14
32 17
32 20
32 33
33 6
33 17
33 33
33 40
34 17
34 29
34 40
35 29
35 38
36 4
36 16
36 21
36 25
36 29
37 1
37 10
37 17
37 27
37 36
38 26
38 27
38 40
39 10
39 18
39 22
39 30
40 13
40 24
40 30
40 38
41 17
41 22
41 23
41 27
41 35
41 40
43 3
43 8
43 35
43 39
44 0
44 1
44 13
44 14
45 8
45 20
45 26
45 33
45 37
45 40
45 41
46 18
46 22
46 26
46 30
46 32
46 39
47 14
47 15
47 36
47 41
48 2
48 4
48 10
48 40
48 41
49 12
49 15
49 19
49 22
49 33
49 38
49 40
50 17
50 21
50 32
50 36
50 39
51 10
51 21
51 31
51 36
52 5
52 14
52 23
52 27
52 37
53 9
53 13
53 16
53 21
53 24
54 2
54 7
54 16
54 17
54 19
54 20
54 32
54 37
55 24
55 25
55 27
55 30
55 31
56 23
56 39
57 9
57 13
57 19
57 21
57 28
57 29
57 38
57 40
58 40
59 4
59 5
59 20
59 30
59 33
59 35
1 10
1 9
4 72
2 14
3 21
5 100
1 10
2 12
4 76
3 30
2 10
3 39
1 9
4 60
1 18
5 55
1 6
5 95
4 76
3 15
2 32
2 36
4 72
2 38
2 34
2 22
5 70
1 15
3 39
1 10
5 30
3 60
1 20
3 18
5 50
1 14
4 28
3 57
5 95
1 14
3 30
1 14
1 20
4 32
5 40
5 85
2 26
1 9
1 19
3 18
3 33
5 95
5 55
5 45
1 12
4 60
4 68
5 55
2 18
1 11
1 19
2 38
5 30
2 22
1 6
1 15
5 25
2 16
5 85
3 21
1 10
3 57
3 39
2 14
3 42
5 35
2 34
5 50
4 68
4 56
1 7
1 16
5 85
5 70
3 45
3 54
2 40
4 20
3 39
3 21
1 15
2 38
2 30
1 5
1 9
2 28
1 11
1 10
5 25
3 54
3 45
5 85
1 9
3 15
2 22
1 7
1 19
1 11
1 11
1 17
1 11
4 80
4 44
2 34
4 52
4 64
2 14
1 9
5 35
1 8
1 18
3 60
3 45
4 20
4 28
2 10
2 40
4 56
1 14
2 12
5 25
2 34
2 28
2 20
2 36
2 10
5 70
4 56
1 8
2 24
1 7
4 72
1 10
3 48
3 42
5 70
1 20
2 14
4 40
3 45
1 5
3 45
1 18
1 14
1 12
3 21
4 28
1 14
2 22
3 51
3 21
2 12
3 54
4 60
2 28
5 45
2 12
3 45
3 24
5 45
3 27
1 12
4 36
1 19
5 75
2 34
3 57
3 45
1 13
4 64
5 85
2 20
5 95
3 60
1 10
1 20
3 60
3 18
2 34
2 36
4 32
4 44
2 38
4 28
4 40
1 7
4 24
5 95
4 56
2 36
2 22
1 15
1 11
5 45
2 20
5 85
2 26
2 16
1 17
1 12
4 52
4 44
1 7
3 15
4 32
4 32
1 18
3 48
3 57
4 56
1 16
1 13
2 24
5 95
1 16
4 36
4 60
4 32
3 51
2 28
2 10
4 44
1 9
1 9
4 76
3 24
4 48
5 80
3 57
1 18
1 7
2 28
4 76
1 14
1 10
3 60
2 34
1 9
2 26
3 27
2 26
3 60
4 68
2 34
2 20
4 76
3 21
3 33
3 48
3 60
2 32
2 14
1 6
4 32
2 40
3 36
2 10
4 60
1 9
3 36
2 34
1 10
4 68
4 24
4 32
3 48
4 80
2 28
1 7
2 36
5 60
5 95
1 14
2 12
2 22
1 5
5 95
2 10
2 34
2 16
4 72
4 48
4 32
3 36
1 10
5 90
2 26
3 48
1 16
3 21
3 24
1 20
5 80
1 20
1 9
5 30
5 100
3 60
4 76
5 30
2 28
5 95
2 18
3 18
4 48
3 33
2 36
5 95
1 19
2 24
1 9
5 70
1 16
1 17
1 11
1 12
5 25
1 14
2 34
1 10
2 20
4 52
2 40
2 38
5 40
3 39
1 16
5 75
1 10
3 33
1 7
1 15
3 51
3 45
1 18
5 60
4 40
4 32
2 16
2 26
3 36
3 27
2 22
3 15
5 60
1 9
1 6
3 15
2 10
3 15
4 28
1 8
3 36
3 45
2 32
2 32
2 38
3 42
1 10
5 25
4 60
4 44
3 21
2 30
4 32
1 9
5 55
1 14
4 28
1 14
2 10
5 60
3 24
3 30
5 65
4 44
1 11
1 13
1 12
3 57
1 12
4 48
2 12
1 16
5 55
2 38
3 54
2 34
5 75
3 57
1 14
2 34
1 19
2 12
2 40
3 21
2 30
2 18
4 76
4 20
2 12
1 6
4 76
3 21
5 65
1 8
3 60
2 36
2 22
5 100
1 6
3 48
5 95
2 34
2 14
2 22
4 52
1 14
2 18
2 40
4 68
1 17
1 7
3 51
2 34
1 8
4 20
1 17
5 85
3 57
1 12
2 12
5 35
5 90
5 55
2 14
5 25
2 34
4 32
4 40
2 40
2 32
4 28
4 52
1 17
3 51
2 10
4 24
5 25
5 70
3 30
4 36
3 60
4 52
1 18
5 70
3 18
4 32
3 24
4 52
2 14
3 15
3 24
2 12
1 6
2 12
1 11
3 45
3 30
2 20
3 51
3 48
3 36
5 85
4 32
3 27
1 18
1 7
3 15
2 12
1 5
1 14
2 24
3 51
3 15
2 14
2 34
2 10
2 10
4 56
1 12
1 12
4 52
1 19
4 44
5 80
4 44
2 32
4 52
5 90
3 27
2 34
2 28
1 18
5 70
4 72
5 55
3 60
5 25
3 36
1 19
2 34
3 54
4 32
2 40
3 60
3 24
4 20
3 15
4 36
1 20
4 44
2 40
1 15
1 10
4 52
4 60
1 19
3 15
1 8
1 18
3 51
2 40
3 30
2 28
3 30
3 51
2 20
1 10
2 26
5 85
5 80
4 44
2 30
4 40
3 39
2 10
2 10
2 18
3 36
4 32
1 16
4 56
2 14
2 40
5 70
3 33
5 45
2 20
5 65
1 13
3 51
3 39
5 60
5 60
4 32
1 20
2 40
1 13
2 10
1 10
3 33
5 25
5 75
1 19
2 40
2 36
2 36
1 14
1 18
1 14
1 16
1 13
5 55
2 38
3 51
3 33
2 30
2 28
2 14
1 17
2 32
3 30
3 39
2 32
4 44
3 36
3 48
1 13
1 5
3 39
2 32
2 40
2 20
1 7
2 40
1 13
1 10
1 20
3 51
1 14
3 36
1 16
4 24
1 6
4 64
1 15
1 8
4 40
3 54
1 16
1 10
4 76
3 24
1 17
1 13
3 27
4 20
1 14
2 24
3 57
5 45
2 32
2 14
5 100
5 85
4 52
3 24
5 25
1 11
1 6
2 22
4 24
5 25
1 17
2 18
1 8
1 10
3 48
5 70
1 5
4 76
1 9
2 10
2 34
3 30
1 10
2 22
4 20
1 9
2 18
3 15
2 22
5 80
5 60
1 9
1 19
5 65
1 19
2 10
1 11
1 8
2 30
3 54
2 16
3 36
5 85
3 27
5 50
3 24
1 6
1 10
5 35
5 65
1 17
3 24
1 7
2 18
1 10
1 11
4 44
2 20
3 45
4 52
2 28
2 10
5 45
4 56
1 19
2 10
2 20
5 25
1 11
1 15
2 12
3 15
2 16
4 72
1 7
3 60
3 15
3 51
3 54
1 10
1 18
1 5
2 16
2 12
1 7
1 7
3 18
3 18
4 60
2 18
3 18
2 14
1 15
5 85
3 15
3 54
5 85
5 95
1 11
1 13
1 18
1 15
5 85
1 14
1 5
3 60
3 60
1 14
4 76
2 12
1 11
2 34
2 32
5 80
5 85
1 8
2 18
4 56
1 12
4 56
1 15
3 21
5 65
4 72
4 52
1 16
3 27
2 14
1 6
4 72
3 33
2 28
2 14
3 48
4 24
5 55
3 27
5 80
4 68
1 6
2 28
2 12
5 50
2 22
3 39
1 13
1 17
3 51
3 60
1 7
4 80
4 80
3 15
1 15
2 16
5 40
1 18
2 10
5 45
5 25
3 54
2 36
3 15
3 36
1 14
2 34
5 40
3 48
4 76
5 60
3 21
4 56
2 14
2 14
1 19
3 45
3 33
3 45
2 40
4 24
1 20
1 14
5 70
5 95
2 34
2 40
3 18
3 24
3 30
2 18
4 52
2 40
1 8
5 85
5 40
2 18
1 5
5 30
1 18
4 40
3 39
1 19
4 48
5 60
2 12
1 11
1 7
2 20
4 44
4 76
2 38
2 12
2 12
5 80
5 65
4 36
2 40
3 48
3 48
5 55
4 44
3 33
5 45
3 57
1 12
3 42
1 7
1 14
2 32
2 34
2 38
4 32
2 18
4 76
2 28
3 45
3 51
2 12
5 80
2 28
3 48
1 10
3 51
1 15
3 30
2 10
2 24
2 36
2 18
4 72
4 68
1 15
5 35
2 36
5 85
5 65
5 65
1 15
1 16
5 85
1 18
1 11
5 40
2 10
5 100
4 64
4 36
1 17
4 64
2 32
2 24
2 22
2 10
1 13
4 44
2 26
1 8
2 22
2 32
1 6
3 60
1 5
2 18
3 45
4 32
3 18
3 21
2 16
2 10
1 17
2 10
4 40
2 22
4 48
2 28
3 45
1 12
4 52
2 20
5 25
4 44
2 10
2 18
4 72
5 55
2 36
1 9
3 18
2 22
1 20
5 50
2 18
1 15
2 20
1 7
1 14
1 12
1 14
3 18
1 11
5 70
5 55
2 24
2 24
2 24
3 54
2 38
3 42
3 18
1 5
2 24
1 20
5 45
2 24
5 50
3 51
3 51
5 70
5 35
5 80
2 16
4 28
4 36
2 40
5 55
5 25
4 68
1 6
5 50
2 24
1 9
1 15
2 20
4 60
5 60
2 36
5 65
1 15
1 6
2 28
4 60
1 16
1 7
4 68
1 7
3 51
4 32
1 8
2 26
4 48
5 90
4 36
3 60
1 13
5 40
4 56
1 11
5 75
5 60
1 6
2 36
3 57
4 64
1 10
3 48
3 51
4 20
3 57
5 45
4 48
2 12
5 50
4 40
1 13
2 30
3 42
2 16
4 68
1 12
5 30
3 39
2 36
5 30
5 85
1 6
5 100
4 48
2 20
4 56
2 16
5 40
1 11
3 42
3 45
3 33
2 32
5 55
4 68
1 12
3 15
2 22
4 40
4 60
1 8
1 10
1 5
2 30
4 44
5 50
1 14
4 52
5 90
3 18
1 16
3 51
5 55
5 95
5 30
5 95
1 10
3 42
4 28
4 68
3 45
2 20
3 57
2 22
1 18
3 48
3 33
3 60
4 32
2 36
1 13
5 25
5 35
3 18
3 36
1 18
2 24
5 85
2 10
2 38
2 34
5 60
