60 6 242 24 1107
1 7
1 32
1 39
1 41
2 2
2 4
2 8
2 9
2 10
2 15
2 18
2 28
3 16
3 24
3 32
3 33
4 32
5 14
5 30
5 32
5 40
6 5
6 6
6 11
6 14
6 15
6 27
6 36
6 37
6 41
7 26
7 37
8 9
8 10
8 19
8 20
8 23
8 28
8 29
8 37
8 40
9 9
9 29
10 12
10 22
10 27
11 0
11 19
11 21
11 24
11 32
12 3
12 14
13 12
13 19
13 27
13 32
14 38
15 12
15 22
15 27
15 31
16 10
16 11
16 12
16 14
16 15
16 25
17 10
17 12
17 16
17 21
17 27
18 2
18 3
18 5
18 13
18 29
18 33
19 15
19 24
19 28
20 36
20 39
21 6
21 9
21 12
21 15
21 32
22 4
22 11
22 25
22 26
23 20
23 31
23 32
23 38
24 11
24 18
24 19
24 30
24 34
25 12
25 16
25 26
25 27
25 38
25 41
26 22
26 31
27 10
27 11
27 15
27 28
28 17
28 19
28 24
28 30
28 37
29 3
29 4
29 10
29 21
29 32
29 35
29 38
30 2
30 12
30 20
30 28
30 38
32 0
32 5
32 31
32 36
33 8
33 14
33 15
33 25
34 2
34 31
34 38
35 13
35 18
35 37
36 16
36 18
36 22
36 25
37 18
37 24
37 35
38 29
38 35
38 38
38 41
39 12
39 13
39 18
39 38
39 39
40 6
40 8
40 10
40 20
40 28
40 35
40 37
41 0
41 3
41 6
41 14
41 19
41 39
42 5
42 9
42 17
42 27
42 40
43 1
43 3
43 5
43 7
43 8
43 15
43 18
43 26
44 4
44 11
44 19
44 22
44 38
44 39
45 19
45 29
45 37
45 38
45 40
45 41
46 9
46 11
46 28
46 36
49 9
49 10
49 15
49 21
49 33
49 37
50 17
50 29
51 24
52 15
52 20
52 21
52 23
52 24
53 30
53 31
54 10
54 21
54 23
54 24
54 29
54 31
54 33
55 39
56 10
56 20
56 23
56 35
56 40
57 7
57 8
57 27
58 21
58 25
58 26
58 38
59 16
59 32
59 36
1 5
5 80
1 8
4 64
5 90
1 14
5 100
1 11
1 9
1 8
5 90
1 14
2 24
5 45
3 18
2 12
5 40
1 16
4 28
2 32
2 28
3 45
2 12
5 65
2 18
2 38
2 14
2 16
1 14
2 16
4 68
1 18
2 36
2 28
2 32
3 24
2 12
5 35
2 32
5 55
4 32
1 10
2 20
3 39
5 55
5 40
5 75
5 25
3 45
4 32
3 57
3 24
2 26
3 24
4 48
2 34
1 6
3 48
4 72
4 44
4 68
1 14
3 27
1 18
3 60
2 34
1 7
2 20
4 44
1 6
3 54
2 36
4 60
4 44
3 51
4 24
1 19
2 38
3 57
1 14
1 20
2 38
2 14
1 12
3 42
3 45
3 27
4 80
3 54
5 55
1 15
3 51
1 17
1 17
1 6
5 45
5 90
1 15
3 60
2 20
1 20
2 16
5 60
3 33
2 30
3 18
4 20
3 33
2 38
4 52
5 95
4 68
3 21
5 90
2 28
2 32
2 40
4 56
1 13
2 34
1 12
1 8
5 30
2 40
3 39
2 28
3 15
4 36
4 48
2 12
5 25
1 19
2 20
4 24
5 75
4 80
2 28
1 6
4 80
1 18
2 20
1 11
4 20
4 32
5 40
1 8
2 18
2 12
4 80
4 68
1 6
1 19
2 36
5 30
3 45
4 56
3 30
5 30
1 12
2 36
4 36
4 24
3 45
3 15
1 17
1 14
1 20
2 40
5 90
4 48
4 40
1 9
5 50
2 16
2 40
4 68
4 52
2 12
4 60
1 8
1 9
3 57
1 9
2 16
5 25
1 6
4 76
3 42
3 51
2 24
2 12
1 12
3 18
5 25
4 56
3 24
5 35
1 10
3 48
1 7
3 18
4 20
5 75
3 57
4 64
3 54
3 39
1 5
4 44
3 48
2 30
2 34
5 60
1 19
3 57
2 14
4 44
2 38
4 76
1 7
5 50
1 11
3 60
5 30
4 44
2 30
5 55
2 38
3 48
2 22
3 24
5 70
5 50
5 70
2 40
2 20
1 12
1 20
2 34
3 45
2 18
4 64
4 44
1 15
1 14
4 24
3 24
1 8
3 60
4 32
5 55
1 5
5 35
1 15
5 25
1 6
4 24
5 25
1 18
2 14
5 25
4 68
4 28
2 38
2 38
2 26
5 30
3 45
3 51
1 12
1 10
5 55
1 12
2 14
1 13
1 10
1 6
1 7
4 72
5 80
4 56
5 60
5 85
5 65
1 8
1 14
2 18
5 75
3 60
2 28
2 38
2 20
3 57
3 18
1 9
1 10
2 38
4 60
2 30
2 38
5 40
4 48
4 44
1 17
5 45
3 48
2 24
1 9
1 9
3 60
5 35
2 14
4 40
2 32
5 25
1 12
1 7
1 9
3 48
5 80
1 7
5 30
4 60
2 34
5 85
3 45
1 19
2 10
1 17
4 44
5 50
1 20
2 34
2 22
2 12
4 60
5 85
3 48
5 40
4 72
4 44
5 80
5 50
1 5
3 24
5 30
3 15
2 30
3 36
2 34
3 33
1 13
2 10
1 6
2 36
2 28
3 30
2 36
2 24
2 26
2 18
1 17
1 20
1 10
1 7
1 9
4 32
2 22
2 26
4 60
2 22
3 24
3 42
4 44
4 52
1 6
1 9
1 18
2 36
4 44
4 48
1 14
3 48
4 72
1 19
5 100
3 18
5 90
1 7
1 17
1 13
4 28
3 27
4 56
4 52
1 14
4 72
4 48
2 16
3 15
5 40
1 17
1 7
1 15
1 20
4 52
1 13
4 40
5 95
1 14
1 18
2 28
2 12
3 30
5 100
1 10
3 60
3 30
3 21
1 5
3 21
1 17
2 26
1 11
4 60
2 28
2 28
2 28
1 6
2 22
5 100
1 19
1 12
1 19
1 19
1 11
2 18
2 38
1 9
1 19
1 5
5 75
3 30
4 40
4 56
3 57
3 60
3 30
3 24
2 26
3 36
3 48
3 36
2 34
4 52
2 30
1 8
1 8
3 51
2 22
2 28
2 38
4 68
1 9
2 12
1 16
2 36
2 36
3 18
4 20
4 80
5 85
1 6
3 57
1 5
1 19
2 22
5 60
2 16
5 70
2 28
4 36
3 60
4 52
1 10
2 24
1 11
5 40
1 7
3 24
4 24
4 36
5 75
3 30
2 26
3 30
2 26
2 12
5 95
4 28
4 76
1 11
1 20
5 80
3 60
4 64
1 13
1 16
4 52
2 20
1 8
2 24
2 40
5 95
2 14
2 14
1 20
5 80
2 12
3 30
2 40
5 30
1 10
5 75
3 42
4 40
2 38
5 70
1 13
5 80
1 6
4 40
4 40
2 14
2 38
1 17
4 32
2 10
2 40
3 54
1 7
2 18
1 19
2 14
1 10
5 45
4 44
2 34
4 36
1 16
1 11
4 64
2 28
1 20
2 18
2 12
4 48
3 45
1 10
3 30
1 19
1 6
1 14
5 65
2 22
1 6
4 60
3 57
2 26
2 12
4 24
2 22
3 18
3 48
3 36
4 56
3 36
3 54
1 15
1 5
1 14
1 15
4 44
1 10
2 20
1 15
3 39
3 30
3 60
3 30
3 39
1 10
5 95
1 13
5 90
5 45
2 38
5 95
5 25
3 39
1 11
5 90
2 26
5 75
2 18
1 5
2 22
3 21
3 51
5 95
4 20
5 60
4 24
2 24
1 8
1 7
1 13
5 35
1 20
2 10
5 45
2 38
2 10
5 85
3 45
1 16
2 16
4 28
4 76
4 40
2 16
2 34
5 55
1 5
3 27
2 36
2 26
3 15
2 34
1 18
1 6
5 100
3 57
4 24
2 24
5 90
2 24
2 28
2 38
4 68
3 45
3 30
3 57
4 36
2 22
1 18
5 70
5 35
3 27
4 44
2 16
2 14
2 10
1 18
2 10
1 12
2 20
2 34
2 24
1 14
2 34
1 16
4 40
1 17
4 44
1 14
3 30
1 13
2 38
5 85
3 33
2 32
1 7
2 32
1 20
3 30
2 36
2 34
3 45
3 33
2 20
1 5
2 40
3 15
4 80
3 36
2 22
3 42
1 19
5 55
4 20
3 45
5 60
1 9
2 30
3 21
4 76
4 20
3 27
2 14
2 18
2 18
2 26
2 20
5 40
4 64
1 8
2 18
2 16
1 5
3 30
1 18
5 95
5 35
5 65
5 70
1 17
3 54
2 10
4 68
3 39
2 24
5 70
2 30
2 36
2 34
1 16
2 22
5 80
5 80
4 52
5 55
5 30
5 25
3 42
4 32
3 57
2 32
4 36
2 32
2 18
5 25
3 60
1 10
1 19
3 36
4 24
2 40
1 6
2 26
4 68
2 32
2 26
1 17
4 36
5 80
2 10
4 20
2 12
4 60
3 21
1 14
1 18
4 80
5 75
2 32
4 24
1 8
3 18
3 27
1 17
1 15
1 17
3 42
3 48
3 42
2 28
1 20
1 13
3 30
2 22
4 80
3 54
3 36
1 5
1 13
4 40
2 34
3 60
3 54
4 40
1 18
5 35
4 40
3 39
5 100
2 34
1 19
4 24
4 60
1 14
4 56
2 22
2 10
1 11
1 8
3 24
5 75
2 12
5 55
1 13
4 20
2 22
1 19
2 32
2 36
2 24
1 20
1 6
5 35
2 14
5 85
5 95
3 39
3 30
2 18
2 34
3 21
2 26
3 60
3 48
5 25
4 24
3 30
2 16
1 5
2 30
3 21
5 90
2 18
3 30
2 36
5 60
1 16
4 40
2 22
5 60
5 40
3 33
1 7
1 15
2 16
3 36
2 38
4 32
5 60
2 20
1 7
2 18
2 18
5 60
1 5
1 7
3 60
4 64
5 65
1 11
5 50
5 85
1 7
5 50
1 19
2 26
1 19
2 28
3 39
2 28
5 70
2 12
1 14
5 75
4 76
4 60
3 33
2 34
1 20
3 42
4 64
2 26
5 45
4 80
1 14
2 34
2 10
4 56
4 76
1 11
3 42
5 40
5 90
4 52
1 17
2 40
1 5
3 48
5 30
5 45
3 18
1 6
1 9
5 55
3 39
3 18
5 75
3 24
3 39
2 18
5 90
3 60
3 60
1 11
3 21
4 28
3 36
5 40
5 45
3 45
2 40
1 5
5 45
2 38
4 52
3 39
2 12
3 15
2 18
4 20
5 40
3 21
4 44
2 12
2 26
5 85
5 85
2 34
4 48
1 10
2 16
4 32
2 10
5 65
1 17
5 40
4 72
3 57
3 57
1 11
2 10
3 24
5 30
2 24
1 19
3 27
3 33
4 36
1 7
1 15
3 30
3 42
1 8
1 13
2 36
3 48
5 35
2 34
3 21
1 7
5 45
4 32
1 12
4 32
3 45
3 48
2 34
1 17
5 35
3 42
3 30
1 15
1 14
4 72
2 16
2 34
2 32
5 50
2 14
5 50
1 7
1 10
3 48
3 15
3 24
1 9
3 45
5 25
3 18
5 40
3 18
2 24
5 95
1 7
5 45
3 18
3 48
2 14
1 10
2 20
1 14
4 60
3 39
5 60
3 39
5 40
3 18
5 25
2 38
5 30
1 12
5 80
2 32
3 45
2 34
1 9
1 16
2 26
2 32
1 12
4 72
5 50
1 8
1 14
2 14
3 42
4 72
5 95
1 5
5 80
2 14
5 40
3 60
4 60
1 9
1 20
2 36
1 12
1 17
5 40
4 20
2 34
5 35
2 24
1 10
2 10
5 60
2 20
2 22
2 38
1 12
1 13
2 24
4 28
3 48
1 5
2 40
1 8
4 32
4 40
4 40
4 52
3 36
3 24
2 36
1 18
2 20
3 18
3 60
2 30
4 24
5 35
5 25
5 35
1 6
2 34
1 7
1 8
2 28
2 28
